120	118	22	31.49
101	226	20	46.41
116	433	9	49.03
104	829	5	20
280	14	12	11.6
688	101	3	4.56
108	1383	3	15.09
111	213	7	17.82
931	14	8	22.88
126	172	4	6.34
315	241	4	30.2
137	140	10	24.7
130	427	3	12.82
113	689	3	11.96
115	207	13	49.56
144	118	14	26.49
236	217	4	25.73
1402	102	3	8.73
319	162	3	15.74
102	451	8	20.47
548	102	4	6.38
428	103	4	5.17
4650	14	3	13.04
628	2	5	27.87
102	2758	4	21.45
104	882	6	27.15
135	372	4	19.19
999	591	3	36.42
261	655	3	27.39
346	152	4	21.26
893	122	5	31.02
111	565	4	15.7
419	107	11	56.02
1485	12	3	6.85
124	139	6	4.99
228	118	4	8.68
106	851	3	11.48
104	2221	5	31.55
101	478	4	5.31
524	120	3	11.79
121	694	6	36.42
183	712	4	34.57
112	3288	3	22.8
146	555	6	42.34
110	12	120	49.94
109	1456	4	22.88
125	345	3	9.48
12	273	8	5.48
102	959	11	57.96
1708	14	3	6
165	124	14	50.08
265	103	10	17.49
106	1254	9	68.28
150	1017	4	31.4
785	116	3	13.42
103	3048	3	13.97
2244	494	3	41.51
243	158	8	48.42
105	1750	6	41.67
208	141	3	8.22
102	824	5	14.54
2165	144	3	25.46
1862	14	3	6.65
746	14	5	6.99
631	108	6	28.64
112	975	5	28.75
3424	108	4	32.92
934	1190	5	74.62
103	556	6	15.08
106	1432	4	22.31
112	1642	6	45.61
21	57	9	18.8
153	121	25	91.51
989	132	5	37.05
139	1596	3	23.38
3263	114	5	50.07
104	132	59	141.25
678	151	6	46.93
128	158	4	4.9
188	107	7	11.93
872	120	3	15.18
106	260	9	29.3
121	533	7	40.41
125	318	5	19.43
109	1305	8	58.83
168	679	4	32.15
116	878	10	75.28
184	490	3	21.76
104	121	44	47.49
978	115	8	57.14
555	108	3	9.21
146	322	5	26.4
837	14	4	5.03
416	14	13	26.83
220	218	3	17.01
102	605	4	7.31
155	4673	3	38.32
152	141	5	9.22
193	12	11	4.39
388	151	4	22.57
410	131	5	26.33
961	101	3	6.41
117	1190	3	16.18
102	4197	4	28.98
134	124	27	85.67
105	695	6	28.43
424	110	3	7.73
750	116	3	13.13
103	1473	3	9.65
121	178	9	26.82
311	116	3	6.97
575	2716	6	104.76
145	111	9	7.68
107	105	150	432.14
183	799	4	35.74
399	103	5	7.71
2297	119	5	43.09
113	869	3	13.4
103	702	10	41.91
103	651	4	8.3
14	1084	4	7.08
2800	1375	4	70.18
539	114	3	10.52
628	59	9	71.04
593	102	8	24.94
111	1429	4	23.98
108	138	18	26.94
579	125	8	51.57
315	139	3	11.76
192	140	3	7.45
389	112	3	7.95
115	159	9	15.2
1296	14	7	23.4
2228	14	3	7.41
1164	122	4	24.93
136	516	3	15.14
163	140	3	4.96
133	110	36	91.03
1985	14	3	7.41
3428	101	4	23.66
518	101	4	5.88
331	2024	3	37.25
12	864	4	6.76
267	521	3	26.04
111	240	9	29.84
116	584	6	31.13
102	433	16	63.41
557	107	5	19.96
105	1589	3	14.79
119	226	3	4.9
301	587	4	39.54
414	12	8	12.83
110	687	3	10.57
1384	59	4	31.53
136	211	3	8.18
107	172	12	26.53
1703	152	3	25.09
675	101	3	4.36
118	3651	3	24.15
154	234	3	11.58
107	216	8	19.82
147	140	7	15.15
2116	122	3	21.13
117	4456	3	26.11
199	14	14	6.05
107	468	4	12.76
101	13	20	8.84
493	1161	4	50.83
663	16	3	14.56
141	177	6	20.59
2413	106	3	18.59
135	256	9	48.47
385	8	3	10.48
1000	126	3	16.86
190	111	8	18.84
112	2696	3	21.23
130	457	3	13.27
126	314	5	19.73
109	1057	5	27.84
101	1516	3	9.02
1143	14	4	7.08
4711	119	3	30.86
115	229	4	7.99
115	281	6	19.95
103	1092	3	7.73
1063	14	6	14.82
109	417	9	42.5
184	1242	6	65.37
103	2813	3	13.97
1131	124	3	17.37
467	186	4	30.97
2483	14	3	8.32
2	12	54	11.85
354	164	4	24.94
160	1554	3	25.79
105	4272	3	23.04
101	652	7	20.86
125	136	8	9.38
101	823	5	14.12
166	2	5	8.74
1730	14	4	10.46
103	4012	3	17.69
157	402	4	24.55
572	200	4	34.1
3448	14	3	10.93
2454	14	5	20.9
104	351	16	70.12
4302	14	3	13.04
151	103	16	5.38
370	14	10	12.57
135	972	3	19.21
105	647	6	26.87
182	948	3	26
251	12	10	8.04
16	113	42	110.69
12	1577	3	6.85
791	126	3	15.51
109	3035	3	20.25
160	430	4	25.45
103	332	5	5.38
115	987	3	14.53
1183	107	11	88.66
114	132	12	12.55
138	336	3	12.15
119	681	12	89.09
438	119	4	15.57
156	181	3	9.08
102	2254	3	12.39
174	179	3	11.59
3551	14	3	10.93
102	1030	4	11.63
114	121	93	358.85
388	117	3	8.94
102	954	5	16.28
103	115	49	14.57
3875	104	3	20.76
150	888	7	61.46
114	3786	3	25.55
123	175	4	6.18
105	809	5	23.15
672	104	3	7.54
1251	102	3	8.23
272	120	3	7.07
106	545	4	13.84
104	2762	4	26.06
1782	14	4	11.44
101	740	5	12.7
102	1972	4	18.11
106	174	6	6.99
150	5424	3	37
2263	106	4	27.93
12	454	5	4.99
123	367	4	15.05
3676	630	3	45.98
181	1734	3	29.54
1078	12	4	8.96
128	120	39	125.87
194	102	27	68.47
971	107	3	12.53
348	151	3	14.1
131	148	10	24.65
2	142	12	23.39
371	122	3	9.56
425	108	3	7.63
150	2624	3	28.7
103	358	5	6.35
1629	14	3	6
599	112	3	10.8
1001	14	4	6.15
2117	14	3	7.41
458	115	5	21.16
1209	14	3	4.12
115	130	16	22.21
289	116	12	58.72
543	148	3	17.09
103	1043	4	12.13
1342	104	3	12
102	334	7	10.76
104	2547	3	15.78
322	116	3	7.31
102	1395	3	8.73
112	1255	3	15.6
107	380	3	6.62
101	111	71	29.64
1036	14	4	6.6
931	9	3	16.36
727	101	3	4.78
111	270	3	5.11
109	1920	4	25.74
390	106	21	133.81
2114	108	3	17.93
1062	122	3	16.35
132	728	3	16.85
101	403	4	4.07
154	327	10	73.61
136	246	7	33.44
1833	12	3	8.12
103	788	3	5.82
454	120	3	10.96
85	187	6	25.09
103	610	4	7.76
115	378	4	13.29
102	450	22	108.61
112	246	3	4.42
102	376	14	45.35
1799	124	8	79.83
140	153	4	6.1
155	477	3	17.78
1621	101	3	9.64
295	14	14	18.28
1930	14	7	31.36
104	514	4	9.91
742	178	8	81.58
149	176	5	17.33
104	1227	3	11.01
114	292	6	20.34
114	216	6	15.11
114	172	5	6.39
1316	119	3	16.93
3073	14	3	9.45
1895	14	5	17.14
2	13	9	16.22
1790	101	4	16.53
1337	122	4	26.26
746	115	3	12.64
12	1326	3	5.87
132	1231	3	20.05
160	134	15	60.85
103	541	4	6.82
180	154	3	8.82
1215	126	3	18.13
123	1237	4	25.82
149	363	4	21.41
161	109	9	12.75
444	156	3	17.33
161	160	4	11.58
109	569	6	27.01
109	1218	3	14.16
104	210	7	9.27
101	801	3	5.25
3679	115	3	23.48
133	637	3	16.06
153	105	11	11.49
104	813	4	13.7
280	115	3	6.15
13	106	9	7.14
103	1635	8	49.13
12	1075	11	50.46
105	2786	4	29.1
182	1494	3	28.95
213	178	3	14.26
115	191	4	5.75
103	874	5	15.7
2372	102	3	12.39
118	4491	3	26.37
102	185	9	4.82
236	158	8	47.72
202	2137	3	32.71
1306	101	3	7.98
126	106	13	4.52
105	1314	3	13.68
641	110	3	10.12
2431	122	5	44.42
16	760	3	15.6
113	1082	3	14.91
1321	12	4	10.14
1607	104	3	13.22
116	4952	3	30.42
124	196	6	17.24
102	1353	3	8.73
101	346	5	5.09
346	137	3	12.37
2891	115	4	32.64
277	124	5	17.7
101	509	5	9.01
154	161	5	15.66
107	231	9	25.73
112	1417	4	24.18
124	181	6	14.8
12	743	9	27.6
124	115	34	73.74
637	146	4	25.89
147	152	28	151.2
129	219	3	7.12
1255	12	3	5.87
102	2657	3	13.58
2171	12	4	14.67
102	2777	4	21.45
196	278	3	18.18
150	533	8	62.9
119	221	7	21.62
583	108	3	9.4
101	1477	4	14.59
308	266	3	21.86
164	112	5	4.79
109	2127	5	37
103	941	6	21.97
126	148	6	7.3
119	369	3	8.71
135	323	4	17.57
117	744	5	27.14
3610	104	3	18.55
102	3677	3	15.11
316	156	3	14.44
12	848	5	10.56
145	875	3	19.63
104	105	265	824.37
978	14	4	6.15
103	4097	3	17.69
111	787	4	18.94
101	4611	3	17.01
1605	59	3	22.89
102	1998	4	18.11
102	2074	4	18.11
101	639	7	20.3
148	111	28	82.9
636	102	3	4.2
16	344	3	10.11
481	12	9	19.01
152	128	6	9.33
233	110	18	79.31
299	502	4	37.94
1011	14	4	6.15
374	21	3	12.92
111	2010	4	28.1
139	301	3	11.4
112	2291	3	20
208	117	7	19.43
161	398	3	17.35
111	1633	7	56.33
4475	14	3	13.04
1305	14	7	23.4
2500	156	4	41.62
1839	12	3	8.12
114	189	5	8.57
252	128	3	8.16
106	578	9	48
136	707	7	53.45
183	280	7	52.6
121	298	5	17.75
121	246	3	6.14
1279	119	3	16.93
138	1462	3	22.02
233	1321	3	30.69
2192	14	3	7.41
105	763	4	16.2
225	301	7	58.99
179	360	4	27.43
105	644	9	48.59
12	1128	3	5.07
155	4672	3	38.32
152	321	7	43.82
152	151	3	4.26
102	742	4	8.75
102	802	5	14.04
131	172	3	4.52
1695	115	3	18.06
4285	101	3	17.01
180	129	3	5.06
573	101	6	14.25
208	153	4	15.46
1549	115	8	67.68
104	292	8	19.82
214	864	3	27.13
102	3162	5	36.23
188	104	12	21.86
649	125	7	45.26
103	1273	3	8.6
153	265	71	858.19
173	138	13	61.35
313	130	3	10.22
102	1871	3	10.6
400	249	7	67.7
162	111	5	4.19
270	118	4	10.55
106	457	4	12.5
110	252	6	15.07
134	117	10	10.06
105	631	5	20.45
123	206	3	4.83
1138	14	7	20.85
130	766	3	16.63
5747	14	3	17.43
2776	112	3	21.23
1221	119	4	24.52
3001	217	3	35.88
16	171	8	23.2
1635	102	4	15.84
114	210	4	6.76
112	830	7	43.15
976	12	4	7.97
105	1537	3	14.79
304	141	6	31.48
109	682	7	37.21
181	114	4	4.74
140	136	6	9.38
119	166	4	4.31
114	813	3	13.06
1177	106	5	28.72
112	331	7	26.64
103	759	4	9.56
227	103	7	5.63
4824	101	3	21.46
103	819	3	6.09
510	14	5	3.92
102	1260	8	40.91
102	1312	3	8.23
759	108	4	17.36
124	112	21	24.92
116	5102	3	30.42
129	1	4	5.76
1005	12	4	7.97
167	205	4	19.04
129	102	74	116.08
105	59	12	7.33
1181	12	3	5.45
179	807	3	24.44
105	382	7	25.48
101	268	7	7.13
141	103	108	326.56
645	131	3	15.36
102	303	8	12.35
127	268	6	24.33
115	103	79	67.9
3558	14	3	10.93
1443	14	4	8.86
130	441	3	13.12
3652	223	4	54.11
1973	102	3	11.42
115	143	20	46.24
192	156	5	21.56
1057	101	3	6.75
126	179	3	4.07
458	14	6	5.32
119	390	3	9.18
356	149	3	14.09
137	152	11	34.85
1746	14	4	10.46
334	106	4	9.33
108	225	4	5.76
280	238	3	19.99
260	215	3	18.53
1406	14	3	4.95
479	146	5	31.69
5115	9	3	32.44
256	562	7	73.98
1416	128	3	20.07
163	156	5	16.92
1596	116	3	18.29
120	367	5	20.62
107	205	6	10.46
150	1265	4	33.34
414	129	6	33.29
923	101	5	15.23
138	657	5	33.79
130	174	17	82.5
796	108	3	11.52
112	178	28	128.31
386	116	3	8.78
101	1186	4	12.42
102	510	7	17.6
139	386	5	27.88
1686	12	3	7.44
8	4638	4	43.03
109	198	24	107.09
243	162	3	13.34
279	135	4	16.03
114	105	90	224.35
1051	119	4	23.3
412	204	14	150.14
113	443	3	9.1
103	301	6	6.96
102	1731	3	9.9
102	1663	3	9.9
101	1047	3	6.75
733	103	3	5.34
3939	14	3	13.04
4797	119	3	30.86
12	137	38	15.17
1165	14	7	20.85
123	109	33	50.62
151	130	5	6.88
1590	102	5	21.39
123	160	19	67.47
117	386	4	14.13
110	111	64	125.87
300	150	8	50.02
820	125	3	15.54
737	12	7	17.58
215	116	4	7.53
169	542	3	20.7
105	974	3	11.96
104	189	56	283.14
128	162	4	6.08
110	487	3	8.46
532	115	7	36.69
246	1783	4	47.92
103	1310	4	13.92
276	14	19	31.82
102	757	3	5.24
509	101	11	37.19
102	713	7	22.66
331	200	11	102.41
650	101	3	4.16
193	504	10	101.59
213	602	3	24.93
217	609	4	36.02
520	447	3	30.47
118	240	5	13.31
155	666	3	20.05
139	138	21	81.98
374	12	9	13.86
3058	14	4	15.83
1529	101	3	9.02
220	149	8	42.29
112	4253	3	25.02
533	679	5	61.39
425	102	14	50.27
116	5643	3	30.42
187	162	5	22.66
121	564	3	12.18
121	514	4	17.82
111	699	5	24.64
329	649	3	29.25
4275	2105	4	82.01
3023	14	3	9.45
117	213	20	100.69
434	106	4	12.1
1694	115	6	46.98
238	117	3	5.03
1507	103	3	9.65
104	211	6	6.77
1055	14	5	10.41
104	393	8	26.27
449	447	3	29.58
1135	14	8	26.54
110	117	66	157.74
581	16	4	20.62
211	160	4	17.31
117	2694	3	22.32
112	2018	4	28.3
162	128	8	21.72
542	102	4	6.38
840	107	3	11.52
1768	107	4	25.22
103	291	9	16.25
6357	12	3	19.06
165	111	6	7.42
337	104	7	17.68
116	3297	5	50.7
2952	14	4	15.83
421	101	4	4.49
117	1274	4	24.86
513	294	3	26.69
8	4508	4	43.03
161	560	3	19.64
191	241	3	16.11
103	790	4	9.92
12	1990	4	14.67
103	722	4	9.22
902	103	3	6.37
119	269	7	25.94
1023	102	3	7
104	1780	4	21.42
113	2294	3	20.25
119	136	13	20.29
130	102	124	325.46
108	489	3	8.52
254	107	4	6.81
132	790	3	17.42
228	103	7	5.63
101	345	13	35.23
2881	14	4	15.83
109	3632	3	21.82
1436	14	5	13.54
120	103	73	78.97
107	529	7	32
245	102	11	16.73
158	141	3	4
404	123	4	16.06
875	12	4	7.14
1502	116	4	26.23
121	4275	3	27.11
108	1366	3	15.09
168	1480	3	27.68
356	328	5	46.81
1734	104	3	13.22
103	873	5	15.7
109	2295	3	19.02
144	103	29	23.51
115	341	3	7.48
192	115	6	12.9
3700	14	3	10.93
112	558	3	10.2
102	336	6	7.71
137	115	24	59.08
287	112	5	13.97
109	1063	7	44.78
103	4231	3	17.69
127	258	3	7.92
127	141	6	6.05
12	1618	3	7.44
103	1026	4	12.13
160	617	4	28.66
144	208	4	13.54
955	102	3	6.65
2272	107	7	65.63
2005	107	3	17.63
101	318	5	4.12
141	175	3	6.34
12	923	4	7.54
294	12	13	20.94
627	116	4	18.2
113	2084	3	19.24
104	662	13	73.7
178	447	3	20.71
2214	115	5	39.77
111	534	6	28.22
666	264	4	39.58
918	101	3	6.09
290	103	7	9.49
145	124	7	8.27
241	141	3	9.51
241	318	4	30.2
124	180	6	14.8
124	114	13	8.45
189	1402	4	41.34
186	102	10	6.64
12	1873	7	35.12
85	180	4	13.07
103	837	5	15.16
207	12	10	3.9
515	149	3	16.77
108	572	3	9.4
130	313	3	10.22
113	2277	3	20.25
344	103	6	8.85
431	115	7	33.42
143	105	30	67.9
102	1047	3	7
1773	141	4	35.23
104	1103	3	10.57
498	12	8	15.51
383	107	4	10.93
600	12	5	7.45
9	109	15	8.31
134	111	17	25.48
101	2361	4	19.22
632	12	5	7.77
123	276	7	28.5
12	6345	3	19.06
270	108	3	4.38
162	117	6	8.43
103	1534	5	22.04
375	103	4	4.2
12	165	156	767.68
112	2101	6	50.04
394	101	4	3.94
116	4204	3	25.93
154	852	4	30.81
229	105	14	49.55
101	757	3	5.01
1050	116	6	39.8
102	3344	3	15.11
131	104	21	13.05
104	1510	3	12.57
131	162	5	10.18
105	1662	3	15.45
111	2061	3	18.84
112	2352	3	20
1322	14	3	4.51
1942	14	3	6.65
102	724	3	5.01
6133	278	3	46.52
110	253	4	7.27
350	120	6	26.02
157	138	17	74.92
104	467	17	92.58
123	327	3	8.69
151	118	15	35.19
717	798	6	83.25
101	2364	3	12.12
562	107	4	14.15
12	170	15	4.97
3068	14	4	15.83
2469	115	4	30.73
970	14	4	6.15
1894	14	4	11.44
559	243	3	25.36
103	1475	4	15.45
2162	14	4	12.6
101	1027	5	16.51
241	688	4	38.32
16	222	8	32.2
103	213	11	14.51
3210	119	5	51.45
143	216	3	9.08
112	693	4	18
2127	14	3	7.41
212	108	7	15.72
288	14	18	30.65
4082	119	3	26.37
143	172	5	14.76
498	125	3	12.11
279	123	4	12.15
673	107	4	15.9
8	2556	7	75.33
28	107	5	19.32
117	1232	4	24.17
269	151	4	18.43
700	102	3	4.79
180	128	3	4.88
220	228	3	17.42
564	1042	3	36.4
3735	245	3	40.61
1889	108	8	69.58
152	252	3	11.65
1153	14	6	15.68
2	183	3	4.06
6101	155	3	38.32
210	729	5	48.86
141	597	6	42.4
148	117	21	58.74
1124	14	5	11.08
117	3083	3	22.32
555	102	6	14.36
118	1409	4	25.96
102	1363	4	14.14
12	1046	3	4.73
120	191	4	7.25
135	197	7	28.17
273	103	12	25.5
121	2259	3	22.08
135	333	3	11.68
280	152	8	49.56
126	279	4	13.04
377	104	5	11.26
101	1531	3	9.02
1199	12	4	9.52
118	4534	3	26.37
127	269	3	8.19
4870	107	3	28.12
991	12	7	22.3
4139	5566	3	67.05
227	102	7	5.02
909	114	3	14.02
106	1775	5	34.51
103	716	3	5.34
712	140	3	17.59
6332	14	3	17.43
109	607	8	42.9
153	5509	3	37.56
771	14	6	10.88
4594	21	3	30.74
346	14	12	16.86
2373	101	3	12.12
107	309	7	22.28
12	619	7	14.78
888	12	4	7.14
254	120	9	38.4
121	2623	3	23.32
104	2307	3	15.78
147	115	20	49.3
124	254	3	7.13
7	7	4	46.57
703	304	7	81.48
189	297	3	18.03
171	243	4	21.54
113	1088	3	14.91
171	167	24	183.31
5974	14	3	17.43
398	119	3	9.31
2030	101	3	11.15
548	108	11	63.49
102	509	5	9.4
140	125	8	9.98
3250	102	4	24.03
249	148	3	11.08
923	12	3	4.12
104	1657	4	20.35
209	307	3	19.38
415	111	4	13.29
155	418	4	25.02
130	219	4	11.93
126	120	12	11.41
259	125	4	11.9
103	2267	3	12.78
1520	109	3	15.76
190	136	4	11.4
109	2166	4	27
2985	215	4	51.1
1623	14	3	6
102	215	17	33.52
120	294	3	7.67
342	103	5	5.78
112	1196	6	40.01
189	411	6	50.59
13	120	7	8.83
135	284	4	16.24
111	323	8	31.95
158	136	5	10.28
117	769	6	35.62
125	305	4	13.45
125	111	15	10.37
12	437	8	13.53
559	391	3	29.67
110	404	4	11.94
112	4244	3	25.02
772	101	4	8.77
180	117	7	15.78
1215	14	4	7.61
105	1812	3	16.19
220	131	5	17.13
444	115	4	14.92
191	474	3	21.83
152	111	7	5.42
152	154	3	4.97
1054	145	5	40.41
425	219	3	22.77
160	314	4	21.81
160	262	7	43.05
252	154	6	33.1
102	969	3	6.65
16	271	7	30.81
513	103	5	9.97
149	159	3	5.14
526	101	7	17.44
3420	101	5	35.76
156	140	3	3.85
104	1197	8	48.34
118	1106	3	15.98
105	616	6	26.4
110	153	10	11.5
904	14	4	5.37
1472	12	3	6.85
12	338	19	51.44
120	1050	4	24.25
103	1429	4	14.64
12	187	93	399.54
5	125	3	13.24
140	182	3	6.66
221	123	4	9.42
664	132	3	16.08
109	771	7	39.29
119	253	3	5.92
108	473	3	8.2
1801	5205	3	60.09
372	261	3	23.43
2482	152	3	27.74
171	110	30	123.24
8	9	11	10.49
101	1192	3	7.53
2185	14	3	7.41
405	16	5	24.36
3481	101	3	14.84
200	110	4	4.69
120	362	3	9.27
107	263	6	15.27
678	908	3	36.63
102	4040	3	17.29
109	1713	3	16.42
1489	102	3	9.28
528	284	3	26.61
158	128	4	4.9
3877	102	3	17.29
155	1575	4	36.71
2436	12	4	16.11
117	836	3	13.9
2908	14	3	9.45
120	281	3	7.36
163	14	23	8.34
1166	200	3	28.2
101	287	6	5.47
115	326	4	11.72
5355	101	3	21.46
127	117	12	9.69
192	14	14	4.91
1784	101	9	64.38
101	1497	4	14.59
126	123	14	17.34
437	107	5	17.37
114	557	3	10.7
117	3706	3	23.89
102	652	7	21.46
160	205	8	44.39
103	555	10	35.88
115	705	4	18.89
103	405	8	19.49
3445	14	5	29.05
103	2844	3	13.97
103	2640	3	13.97
1807	108	3	17.08
1552	14	6	20.27
643	14	14	45.43
3207	101	3	14.84
194	174	3	12.89
104	195	17	45.83
168	831	5	45.18
109	1141	3	13.71
106	2958	4	29.83
112	1641	3	17.38
148	136	13	43.22
143	1211	4	31.28
3009	191	3	34.29
676	126	4	21.64
106	102	144	163.39
984	12	9	34.37
123	161	56	338.66
1228	103	3	8.14
1812	14	4	11.44
1358	119	4	25.97
2421	122	3	22.14
798	119	6	36.79
149	103	18	7.47
6121	835	3	54.64
212	208	3	15.95
265	102	6	5.06
378	109	3	6.85
103	239	11	17.32
279	120	4	11.83
109	169	12	27.12
961	12	3	4.41
3947	8	3	27.78
1885	12	6	26.93
119	656	3	12.53
103	322	10	22.26
16	285	5	19.33
715	108	5	23.62
3649	14	3	10.93
4365	14	3	13.04
822	14	4	5.03
198	21	3	7.53
612	122	14	109.25
189	826	3	25.55
104	35	7	19.39
104	482	5	13.96
562	104	3	6.35
1120	107	5	27.96
166	102	17	17.14
502	139	14	119.29
21	2	13	24.64
1103	106	7	44.95
1283	101	3	7.98
106	261	3	3.92
4001	106	3	23.59
112	1794	3	18.13
476	200	5	43.11
101	622	3	3.98
499	424	15	207.82
563	137	3	15.82
946	101	3	6.09
131	120	11	12.89
292	107	3	4.73
377	158	6	40.94
8	386	4	16.23
115	235	6	16.45
155	252	11	75.58
137	14	92	116.09
190	117	7	17.36
103	4267	3	17.69
178	1154	4	38.16
547	124	15	117.49
385	245	3	22.98
104	677	6	23.47
518	12	6	9.13
103	1727	4	16.36
120	276	3	7.14
124	551	3	12.62
120	130	13	18.53
2180	223	4	48.03
154	118	8	12.21
3659	102	3	15.11
277	111	6	17.93
2619	102	3	13.58
145	153	8	23.11
118	905	12	98.61
1311	14	5	12.63
913	424	18	308.56
468	101	8	20.23
5319	101	3	21.46
1850	102	3	10.6
102	354	8	15.15
1033	104	3	10.17
12	1889	7	35.12
372	102	11	29.58
426	120	5	22.63
745	12	8	22.4
101	2945	3	13.31
118	1906	3	19.47
185	129	4	9.19
109	1683	3	16.42
2163	14	3	7.41
606	115	25	233.02
1056	110	3	13.32
1397	102	6	27.16
235	123	4	9.98
307	311	4	33.04
141	118	15	28.65
159	378	3	16.33
113	598	3	11.03
214	5982	3	44.02
103	1031	3	7.35
116	3964	3	25.93
115	118	17	12.31
1387	12	7	28.61
460	12	5	4.99
1922	14	3	6.65
814	16	3	16.2
108	6317	3	28.43
118	699	4	19.75
1592	204	4	44.37
1685	115	3	18.06
443	101	5	7.82
515	144	3	15.88
112	5177	3	29.5
119	117	16	11.76
539	112	3	10.01
706	12	5	8.83
103	836	3	6.09
3476	12	3	12.5
117	4304	3	26.11
648	85	3	18.89
154	109	7	5.35
132	700	6	42.22
5726	14	3	17.43
145	117	7	5.56
1273	108	5	30.21
132	197	7	27.2
162	124	6	11.11
6374	119	3	30.86
591	14	5	5.09
101	907	3	5.79
104	407	13	57.55
110	269	6	16.17
508	160	7	55.8
123	191	3	4.25
117	405	3	9.32
383	104	3	4.23
174	120	7	16.62
1002	12	8	28.1
102	938	12	64.37
668	200	3	24.88
985	101	3	6.41
247	333	5	41.51
631	131	3	15.36
102	725	4	8.75
57	931	3	18.9
998	103	4	11.62
136	1735	3	23.08
112	1018	8	56.63
116	1669	7	58.82
109	346	6	19.98
2508	126	3	23.05
238	136	4	14.28
255	102	17	42.61
105	962	3	11.96
117	307	3	6.96
106	341	5	14.05
240	112	3	4.21
101	756	4	8.77
101	4506	3	17.01
943	12	3	4.12
121	395	4	15.57
103	1121	3	7.73
435	111	7	31.9
106	219	10	28.99
102	698	20	123.56
226	120	5	13.67
1225	141	3	21.18
112	917	7	44.96
1404	109	4	22.88
2	214	7	23.83
103	359	8	16.61
187	158	8	40.78
103	535	9	29.56
12	1160	3	5.07
220	144	3	9.23
1712	122	3	19.51
959	2094	6	103.71
118	534	4	17.36
108	924	3	12.47
191	112	7	15.31
299	103	7	9.82
247	359	7	64.85
16	255	7	29.58
16	203	5	14.11
1144	12	4	8.96
1093	12	4	8.96
2006	102	4	18.11
162	136	3	4.57
106	469	3	7.88
198	12	15	12.63
3935	2050	3	56.47
118	1242	3	16.44
104	396	5	11.85
932	21	3	19.1
546	14	6	6.9
2650	199	4	49.99
1430	122	3	18.26
110	124	88	305.98
2850	119	5	46.05
200	117	4	6.82
147	14	62	57.63
101	404	6	10.02
2067	14	3	7.41
524	106	4	13.6
326	118	4	12.54
103	5400	3	22.14
150	1349	5	45.43
338	116	6	23.13
1729	12	5	18.34
117	1010	3	14.92
103	2508	3	12.78
2484	12	3	9.84
864	162	3	22.74
641	12	7	15.28
103	727	4	9.22
386	101	5	6.46
101	1169	3	7.53
144	159	3	4.41
126	104	24	11.9
1445	12	3	6.33
103	2327	4	20.11
224	111	8	23.33
224	154	3	11.24
2071	104	6	41.52
404	120	3	10.11
12	1009	3	4.41
103	1701	3	10.27
744	493	3	33.27
222	137	7	31.7
2236	449	3	41
117	2554	4	31.28
271	163	7	46.43
114	1747	4	26.68
2760	12	5	26.45
1293	109	10	81.1
122	444	3	10.87
102	6121	3	21.73
129	189	5	13.86
105	246	7	16.59
524	103	4	6.61
4047	14	3	13.04
302	13	4	19.58
243	615	3	26
181	253	4	23.67
103	4234	3	17.69
478	102	4	5.6
108	305	4	8.82
118	671	3	12.77
278	104	4	4.7
103	1047	5	17.58
113	649	3	11.48
103	1638	4	16.36
222	129	3	7.22
112	1251	5	31.97
107	443	4	12.35
933	140	8	70.24
122	192	12	46.84
892	189	3	25.88
892	265	3	29.56
112	4122	3	25.02
783	125	7	48.77
456	104	3	5.29
2043	102	3	11.42
153	102	27	26.37
276	169	5	31.05
12	391	7	8.57
136	2201	3	24.7
101	2523	3	12.12
3468	14	3	10.93
4312	122	3	27.17
104	261	9	21.55
3501	14	4	18.35
180	112	4	4.22
220	147	4	15.07
683	14	5	6.28
109	572	4	14.91
109	402	3	7.32
4663	12	3	14.65
102	837	4	9.83
103	419	8	20.23
103	538	5	10.52
1239	12	3	5.45
102	890	4	10.23
265	120	5	16.27
165	156	6	23.14
16	214	8	31.47
421	14	8	9.73
230	124	33	230.79
116	2078	4	29.52
117	465	8	43.35
112	5326	3	29.5
168	1018	7	72.85
134	152	17	65.66
672	108	4	16.29
576	104	4	10.86
101	847	4	9.5
295	12	8	6.69
102	1651	3	9.9
107	629	3	9.72
710	104	3	7.77
103	1559	3	9.65
124	774	3	14.92
546	201	5	44.46
134	156	21	97.43
110	196	4	4.59
145	619	4	25.33
134	239	3	8.82
157	318	3	14.48
102	3421	3	15.11
12	243	12	11.63
132	336	7	38.23
162	115	9	17.64
445	119	4	15.77
184	3085	3	33.87
121	297	6	23.45
3560	14	3	10.93
101	896	5	14.66
6315	14	3	17.43
136	750	3	17.84
165	152	6	21.1
112	826	4	19.55
159	844	4	31.55
143	161	5	12.51
102	873	10	46.66
143	103	66	141.47
1465	1370	3	45.16
886	102	3	6.03
131	102	27	7.44
109	489	4	13.68
1149	544	3	36.63
2870	109	3	20.25
1737	14	6	21.85
113	232	4	7.57
102	790	4	9.45
1587	14	3	5.44
481	14	12	26.6
2445	14	3	8.32
890	101	3	5.79
659	119	3	12.53
12	345	17	43.26
296	115	3	6.45
523	105	3	8.03
125	197	4	8.65
229	103	12	19.83
128	59	7	8.57
104	102	478	1177
978	12	4	7.97
2113	102	4	18.11
1218	12	7	25.67
111	726	3	11.84
133	126	9	11.66
465	127	3	12.39
120	262	3	6.8
369	152	9	65.03
1056	14	4	6.6
122	119	10	3.95
409	103	12	39.21
108	252	4	7.07
797	103	4	9.92
113	2592	3	20.25
107	1297	3	14.26
127	139	6	5.9
164	111	11	24
115	293	3	6.45
543	102	10	33.9
839	107	4	17.77
115	123	16	13.79
101	1221	3	7.53
136	1589	6	55.42
405	12	13	32.47
2171	14	3	7.41
1724	115	3	18.06
373	124	29	246.81
539	101	6	13.51
3057	14	4	15.83
3709	28	5	86.07
593	121	5	26.27
129	292	4	15.01
117	846	5	28.69
218	119	39	263.05
107	118	27	23.88
103	1910	3	10.98
103	1970	3	11.8
253	1295	4	44.9
104	2135	3	14.79
108	275	3	4.5
115	104	62	77.16
101	187	11	8.01
117	2399	3	21.08
235	109	5	9.64
793	114	7	43.57
120	135	8	7.5
1858	102	3	10.6
222	111	4	6.67
505	107	3	8.23
1471	12	3	6.85
547	115	7	37.16
122	108	16	7.44
369	16	3	10.66
8	4010	4	43.03
1005	14	10	35.86
102	4064	4	28.98
129	105	31	51.85
102	3980	3	17.29
108	1343	3	15.09
103	3382	3	15.51
1329	108	5	30.21
810	115	7	43.91
571	124	5	26.64
364	103	8	16.9
333	116	8	35.24
154	123	29	121.99
133	492	6	37.65
692	205	3	25.29
159	145	3	4.49
274	138	5	22.77
103	758	4	9.56
85	111	11	16.06
976	14	8	23.99
339	9	3	9.52
1819	101	8	51
103	2497	3	12.78
679	339	5	55.43
16	220	8	32.05
12	1484	3	6.85
16	168	6	13.92
1510	14	4	9.61
1459	122	5	36.55
412	108	3	7.5
103	215	8	6.85
114	261	7	23.62
112	695	3	11.72
112	831	7	43.15
1138	12	3	5.07
149	148	4	6.84
102	4261	3	17.29
581	111	3	10.25
403	162	3	17.81
104	469	3	5.42
205	244	3	17.03
105	691	4	15.48
104	4825	3	25.22
148	475	4	23.98
251	115	25	148.49
188	103	23	48.53
3366	101	3	14.84
101	838	3	5.51
121	545	3	11.99
104	219	13	33.02
966	102	3	6.65
194	132	6	21.25
1749	1084	9	168.18
8	2377	3	22.74
575	5207	3	52.04
924	12	6	16.23
103	567	7	19.75
4023	101	3	17.01
520	477	4	43.62
536	110	4	14.42
374	14	7	5.21
2172	124	4	31.97
282	120	6	22.74
112	1039	7	47.06
353	111	6	21.76
1349	12	6	22
112	1810	3	18.13
103	1259	4	13.92
276	12	12	15.68
1061	147	3	21.11
117	268	5	14.87
1456	14	7	24.94
4611	161	3	34.77
128	103	24	3.9
194	121	5	11.59
104	341	8	22.79
123	106	19	12.03
4718	16	3	32.97
5042	122	3	31.66
101	2145	4	17.75
1609	14	3	6
3453	14	3	10.93
104	590	14	78.06
1021	12	4	8.44
106	407	7	27.99
103	1363	4	14.64
176	120	7	17.28
114	102	122	169.19
884	107	4	18.21
112	784	6	34.11
118	417	8	41.82
107	3321	3	21.42
1897	1944	4	68.37
109	333	5	14.38
526	14	8	12.74
109	197	5	7.49
1302	122	3	17.72
101	1127	3	7.13
119	212	3	4.46
178	111	4	3.97
102	4147	3	17.29
677	12	5	8.46
1241	14	6	16.64
12	1095	3	5.07
133	213	4	12.56
107	576	3	9.11
1893	14	5	17.14
681	103	3	4.9
466	1011	4	49.2
105	423	15	84.38
1520	107	3	15.37
458	12	9	18.06
437	102	4	4.92
847	119	5	29.13
103	922	3	6.67
236	119	17	86.01
4228	101	3	17.01
112	5667	3	29.5
135	672	6	42.53
168	693	3	22.51
102	2104	3	11.42
2620	102	3	13.58
779	12	7	18.24
226	109	5	9.22
282	123	3	7.67
631	107	4	15.27
139	199	3	7.86
594	103	4	7.51
109	387	4	11.57
109	438	10	50.62
111	1835	3	17.98
138	301	5	23.9
1353	108	3	15.09
109	137	30	71.21
357	103	5	6.2
299	172	3	16.41
265	104	6	10.31
484	12	8	15.08
165	223	5	27.07
8	671	3	14.12
296	389	3	24.81
12	128	45	11.73
2505	12	3	9.84
2977	14	5	23.76
101	2252	3	12.12
102	3634	4	24.03
1323	108	3	14.56
182	2272	3	32.27
110	14	115	15.95
272	159	3	13.59
110	241	12	43.58
384	245	3	22.84
147	124	5	3.97
132	657	4	23.86
124	259	6	22.47
121	628	16	132.4
121	695	3	13.73
2614	116	3	22.14
140	114	7	3.94
105	1554	3	14.79
641	126	3	13.95
3173	4923	3	64.82
101	1122	3	7.13
171	357	4	26.09
144	231	5	20.92
2524	14	3	8.32
645	122	5	27.13
792	14	5	7.8
109	942	3	12.55
126	175	4	6.96
259	114	3	5.42
203	278	3	18.42
5348	109	3	28.51
298	59	7	37.36
347	361	3	25.47
12	2225	7	38.54
4513	12	4	25.42
1267	12	3	5.87
204	107	4	4.42
322	112	3	6.51
103	1622	3	10.27
158	115	34	140.13
440	119	5	21.71
4329	14	3	13.04
122	103	35	7.6
109	1696	4	24.66
505	104	3	5.71
294	114	3	6.32
103	1849	3	10.98
102	239	9	10.33
113	795	3	12.78
115	107	17	4.03
755	1078	3	39.01
298	2	3	8.22
730	14	4	4.13
3279	101	3	14.84
4607	101	3	17.01
108	385	7	27.8
111	1312	3	15.45
108	436	7	29.84
1	2	8	17.21
1586	14	7	26.7
136	1454	4	31.79
107	1357	3	14.79
85	166	3	7.09
207	114	4	6.43
103	652	5	12.5
102	1172	5	18.46
983	12	4	7.97
219	2357	3	34.63
124	166	5	8.95
102	4125	3	17.29
239	101	20	49.57
2883	14	3	9.45
105	331	26	158.56
501	14	12	27.32
1551	14	5	14.57
103	1516	3	9.65
445	103	4	5.49
106	393	3	6.81
12	227	67	302.27
12	287	7	4.21
101	956	7	27.6
2907	14	5	23.76
430	21	3	13.98
323	110	10	41.97
581	12	9	22.33
205	311	4	27.98
105	694	5	21.7
123	262	3	7.03
169	192	3	12.04
111	845	5	26.65
1532	12	3	6.85
156	154	5	14.28
102	2334	5	27.96
113	366	4	12.44
193	14	36	64.85
16	183	7	21.48
1007	119	4	22.75
114	250	4	8.64
2942	14	3	9.45
1079	349	5	61.73
549	103	6	14.7
102	655	4	7.85
946	14	5	9.24
1870	14	4	11.44
1779	102	4	16.88
233	126	4	10.84
131	118	15	21.95
416	12	5	4.26
131	176	6	17.5
103	2757	3	13.97
3645	102	4	24.03
110	389	4	11.6
449	302	6	61.44
5336	12	3	19.06
194	189	3	14.1
391	120	4	15.38
2151	14	3	7.41
296	14	11	10.14
523	121	14	102.87
734	600	5	63.78
101	835	4	9.5
619	107	3	9.51
2063	108	5	36.86
116	5446	3	30.42
165	140	19	99.91
113	413	3	8.68
16	236	8	33.46
1331	14	3	4.51
1469	155	3	25.46
104	2788	3	17
2098	108	3	17.93
256	729	3	27.95
125	387	3	10.51
2234	14	3	7.41
1298	14	6	17.71
251	14	29	64.33
125	522	4	18.95
394	112	3	8.07
151	104	11	5.24
508	107	3	8.4
112	3263	3	22.8
128	130	9	12.1
391	158	4	24.24
111	671	3	11.33
12	355	12	22.63
928	122	4	23.29
101	702	3	4.56
189	950	3	26.61
512	112	3	9.66
133	787	3	17.64
985	14	5	9.8
170	117	5	6.86
3430	102	3	15.11
1292	182	3	27.8
2036	102	3	11.42
164	12	17	6.09
756	116	5	27.33
101	1593	3	9.64
115	120	26	39.58
106	1966	3	17.58
1063	12	3	4.73
2441	14	3	8.32
155	333	3	14.89
689	14	6	9.9
158	112	8	10.2
150	1387	5	45.43
13	209	3	9.74
892	121	6	39.66
136	562	5	31.54
112	1149	5	30.22
107	469	8	36.91
199	12	12	6.72
120	205	3	4.62
210	244	5	34.19
1307	35	7	96.35
107	175	32	138.19
112	1480	7	54.49
4038	107	3	23.64
124	169	5	9.04
111	420	5	19.06
590	108	14	92.87
111	472	4	14.28
129	121	82	396.37
766	200	3	25.7
972	106	16	142.28
102	4894	3	21.73
119	115	63	181.86
126	459	4	18.17
1277	12	7	27.05
57	8	10	14.51
1105	107	6	36.22
171	272	5	31.23
103	834	7	26.41
1023	107	6	35.26
155	476	3	17.78
103	725	3	5.34
3535	14	3	10.93
386	14	11	17.25
2676	119	5	46.05
330	124	8	39.73
121	1979	4	31.09
112	297	29	194.65
128	2152	3	22.95
365	105	3	5.78
107	341	8	29.96
2572	14	4	14.02
1463	14	9	39.14
133	581	8	58.09
121	826	4	22.29
1523	116	3	17.63
5525	12	3	19.06
129	132	13	28
1258	114	7	52.25
111	519	7	34.79
247	1956	3	34.66
2840	14	3	9.45
1714	14	3	6
163	124	13	43.01
2873	14	4	15.83
115	279	6	19.79
102	197	8	4.68
121	1844	3	20.21
236	103	9	10.93
192	124	6	16.57
133	1392	3	21.31
118	4579	4	41.15
103	2209	4	18.63
131	705	4	23.89
116	1172	3	16.01
1001	12	7	22.3
111	1396	5	32.73
211	1315	3	29.83
102	625	4	7.57
102	700	6	17.45
152	126	9	17.79
217	592	6	59.01
103	478	9	27.29
489	1155	3	36.07
347	911	3	32.05
463	103	5	8.97
1585	124	3	19.45
2897	14	4	15.83
899	122	6	39.77
2039	14	4	12.6
111	637	3	10.87
1274	108	4	22.02
110	372	4	11.12
2928	14	4	15.83
413	101	39	257.78
1400	101	3	8.47
2585	115	4	30.73
310	110	4	9.16
194	105	9	19.63
1647	102	3	9.9
223	473	3	23.52
887	116	4	21.19
173	305	3	16.73
103	1123	3	7.73
4035	1808	3	55.59
676	12	5	8.46
188	130	4	9.63
430	12	16	48.98
1492	107	3	15.37
112	2021	3	18.99
103	1447	3	9.09
2697	106	6	56.16
1643	101	3	9.64
1888	14	3	6.65
134	140	29	126.75
690	101	6	16.94
2133	14	4	12.6
9	146	7	8.92
28	57	3	15.1
526	115	3	10.47
104	1267	4	17.86
156	275	7	43.31
102	879	3	6.03
114	118	13	5.03
176	104	7	5.56
3613	12	3	12.5
1671	107	4	24.14
2227	14	7	34.76
113	588	5	23.27
259	2208	3	35.31
118	553	3	11.47
149	162	3	5.94
230	111	3	3.91
109	138	53	185.3
156	151	5	12.94
151	135	4	5.09
146	354	6	35.24
328	123	3	8.69
439	120	6	29.73
125	415	5	23.51
102	1772	3	10.6
5943	14	3	17.43
107	900	4	18.21
125	14	88	41.28
276	110	9	31.75
106	105	82	143.28
380	101	8	16.55
434	8	3	11.3
622	102	4	7.57
643	12	4	4.72
292	150	3	12.68
244	1209	10	134.42
3788	106	3	23.59
625	385	4	43.28
160	149	4	8.82
2522	115	7	70.46
126	174	4	6.77
1306	115	4	24.32
1531	14	3	5.44
103	1064	5	17.58
115	148	8	8.46
112	544	17	123.34
3232	107	3	21.42
163	12	17	5.54
611	123	19	167.02
446	162	5	36.27
189	557	4	32.8
342	158	3	15.23
107	562	3	8.92
102	1517	4	14.94
133	323	4	17.29
129	396	3	11.99
179	640	3	22.84
104	1036	6	29.59
145	152	5	9.85
3030	12	3	11
284	102	15	38.51
103	605	6	16.29
115	499	4	15.78
330	12	6	3.84
140	115	27	73.87
109	686	3	10.55
140	225	4	14.04
130	121	11	12.9
1	57	8	24.14
108	539	9	47.71
102	556	8	23.81
1464	14	4	8.86
207	181	3	13.81
85	101	34	41.34
630	108	5	21.9
113	871	5	27.89
745	14	5	6.99
283	218	13	125.23
103	653	6	17.2
108	384	4	11.3
130	132	22	70.61
1048	125	4	25.17
116	1393	3	17.03
145	1426	3	22.67
239	12	12	11.26
522	104	4	10.13
155	1339	3	24.86
145	156	4	7.58
102	1171	3	7.78
107	103	301	780.04
1075	152	3	21.89
578	146	3	16.94
306	695	4	41.31
124	167	9	25.55
399	105	5	15.51
3680	14	3	10.93
147	21	4	4.68
101	197	11	10.43
103	1670	3	10.27
12	1042	4	8.44
213	1523	3	31.09
103	1850	5	24.73
12	862	16	82.02
135	136	7	11.59
168	178	6	30.15
1000	12	4	7.97
479	109	4	13.46
122	296	7	29.44
137	12	36	12.37
5548	107	3	28.12
108	185	6	9.08
1029	302	4	44.93
126	191	3	4.82
741	104	3	8.01
127	197	4	9.4
57	347	3	12.05
115	106	32	30.62
416	101	6	10.51
8	2227	7	69.31
3938	119	4	41.15
208	241	6	42.5
103	451	4	5.66
669	12	4	5.22
442	156	10	83.83
2	171	6	12.77
425	132	5	27.39
170	111	5	5.31
109	6181	3	28.51
106	210	4	4.72
106	262	4	7.09
103	1262	4	13.92
110	388	3	7.1
498	1294	6	84.77
166	105	13	27.28
1364	101	3	8.47
168	781	3	23.07
255	172	5	30.39
102	3301	3	15.11
104	427	4	8.53
110	317	7	23.62
110	140	9	5.1
157	199	3	10.46
123	315	5	18.74
117	360	14	82.81
123	211	9	33.84
169	131	4	7.68
2780	107	3	19.86
106	564	4	14.1
1368	102	3	8.73
12	226	23	43.61
111	2193	4	28.1
118	6063	3	30.86
160	485	5	35.54
337	130	4	16.63
431	12	6	6.97
102	910	4	10.67
262	480	4	36.25
212	104	6	6.77
5233	101	3	21.46
1233	14	5	11.82
12	403	33	161.27
113	1359	3	16.38
5877	217	3	44.19
106	189	6	8.91
101	650	14	64.95
285	123	3	7.67
125	138	15	33.93
101	821	4	9.5
678	181	4	33.74
3844	101	3	17.01
989	108	6	34.99
225	554	4	35.38
131	108	17	17.78
1908	117	3	19.21
103	584	6	15.46
115	730	3	12.64
103	450	8	21.44
114	528	7	36.36
262	109	4	7.57
282	145	3	11.6
102	728	6	17.99
946	126	4	24.5
101	1924	3	10.34
102	788	8	30.76
102	610	11	43.11
103	334	6	8.32
520	302	3	27.06
625	12	4	4.72
740	107	6	30.16
143	160	3	4.39
102	939	3	6.33
118	2888	5	46.04
104	1251	3	11.48
191	252	5	33.17
813	115	3	13.2
757	101	6	18.04
111	1818	5	36.62
230	129	5	17.3
2118	14	4	12.6
527	112	5	21.51
178	688	3	23.59
169	149	4	11.05
370	101	5	5.81
12	237	93	559.1
12	111	145	119.09
1713	12	4	12.47
323	116	8	34.68
470	102	6	12.35
129	230	3	7.53
2586	116	5	42.35
1114	102	4	12.18
1125	12	3	5.07
6128	14	3	17.43
107	174	7	9.89
496	119	3	10.76
116	5184	3	30.42
104	4195	3	20.76
102	358	14	42.93
101	1159	7	29.8
706	14	6	9.9
109	4561	3	24.03
482	200	5	43.11
2426	14	3	8.32
824	104	3	8.83
119	114	18	13.82
119	180	9	25.11
437	130	3	12.96
2349	125	3	22.77
108	318	5	13.48
108	258	4	7.4
190	239	3	16.03
126	208	4	9.39
941	59	3	18.93
968	112	3	13.86
171	373	5	35.75
109	2132	3	18.01
124	1229	3	17.82
115	179	5	7.7
1063	101	3	6.75
460	14	7	7.86
271	144	5	23.53
199	101	11	10.55
102	1376	3	8.73
141	121	8	8.84
429	14	13	27.47
141	231	3	9.28
1004	368	4	46.68
118	2055	3	20.33
250	3051	4	52.92
120	107	23	19.12
107	441	3	7.63
101	307	6	6.11
897	12	8	25.91
112	1177	3	15.11
369	14	12	18.9
1136	152	4	32.37
126	103	60	62
1209	101	3	7.53
144	158	6	15.6
12	1729	3	7.44
103	1041	3	7.35
343	109	5	14.71
343	160	4	22.9
3209	102	3	15.11
986	12	3	4.41
1205	102	3	7.78
159	120	47	250.63
112	244	6	15.91
181	259	4	23.97
221	103	12	18.44
2484	14	3	8.32
557	326	3	28.14
2890	14	3	9.45
641	14	10	24.43
752	131	5	33.27
1696	14	4	10.46
1142	174	8	89.3
607	14	7	11.55
124	269	3	7.6
147	12	46	40.08
1019	302	3	31.71
189	178	26	229.32
118	1295	3	16.93
123	293	5	18
117	451	3	10.03
35	35	5	48.73
535	102	6	13.99
151	210	4	15.24
139	1158	3	20.61
157	305	3	14.21
104	575	6	21.15
1107	128	11	105.61
272	118	3	6.44
4364	101	3	17.01
2943	14	3	9.45
107	690	4	16.24
106	543	4	13.84
198	14	38	75.92
256	626	7	76.19
102	1092	8	37.62
5741	14	3	17.43
114	177	12	36.14
448	245	4	34.65
8	10	3	14.12
4638	14	4	23.24
827	101	6	19.28
1144	14	7	20.85
690	12	4	5.49
299	162	3	15.28
156	128	6	11.09
5360	106	3	28.07
102	835	5	14.54
111	5428	3	29.35
160	131	4	5.64
1003	122	3	15.96
106	292	7	21.58
166	189	4	17.83
109	1221	3	14.16
144	162	6	17.68
8	354	3	9.57
209	360	4	30.16
126	159	4	4.18
259	14	14	14.31
224	165	4	19.94
13	159	5	13.25
748	106	7	38.28
178	477	3	21.05
109	1728	4	24.66
158	140	8	23.91
1198	349	5	62.58
132	1048	3	19.17
120	104	45	49.92
107	528	17	114.06
102	1609	3	9.9
3854	5425	3	67.05
12	639	5	7.77
103	2074	3	11.8
297	116	8	32.88
731	107	3	10.68
103	3283	3	15.51
103	5260	3	22.14
104	1020	4	16
239	129	3	7.75
158	565	4	27.53
119	137	19	42.55
130	105	47	117.3
105	1569	3	14.79
109	2433	4	28.51
171	126	4	6.31
1789	141	3	24.24
103	723	5	13.72
159	123	24	96.19
493	102	5	9.14
102	386	5	6.82
118	2144	4	30.1
149	120	7	8.5
809	1246	3	40.28
156	136	4	6.63
299	107	3	4.8
1997	102	3	11.42
102	889	5	15.08
16	142	14	34.55
1423	122	3	18.26
430	110	4	12.48
697	14	5	6.63
1621	14	3	6
1396	108	4	22.77
365	736	4	43.98
2433	14	3	8.32
328	107	5	13.62
1135	12	4	8.96
1848	201	3	31.8
110	180	6	8.57
102	3258	4	24.03
202	1101	3	28.3
261	538	3	26.08
105	849	6	30.9
291	102	6	6.24
104	260	12	35.35
529	1792	4	56.36
112	1624	4	25.96
125	225	3	6.03
189	975	5	50.21
106	121	169	759
563	110	3	9.31
103	472	9	26.78
1068	107	3	12.92
105	1688	5	32.11
340	12	28	102.76
558	104	3	6.35
444	111	3	8.74
109	453	5	18.51
349	1198	3	33.84
121	1101	3	16.71
152	196	4	14.62
774	154	4	29.97
2	113	13	7.31
645	751	8	113.45
131	103	36	23.81
736	14	5	6.99
166	121	19	77.33
104	103	137	70.36
3543	14	3	10.93
266	238	7	57.92
116	1076	3	15.14
258	1108	3	30.89
111	785	8	50.58
765	14	8	19.22
103	1353	3	9.09
150	5268	3	37
109	6045	3	28.51
704	116	3	12.6
106	132	68	241.62
1992	102	4	18.11
125	332	3	9.09
366	109	4	10.94
12	242	23	47.64
2098	102	3	11.42
118	6199	3	30.86
104	546	4	10.36
876	101	3	5.79
151	106	12	14.57
1687	14	5	15.75
117	493	6	29.49
109	238	4	6.36
109	306	3	5.2
104	1178	3	11.01
279	103	7	8.86
3456	14	4	18.35
138	197	9	42.16
142	1605	3	23.72
102	874	6	20.48
1239	141	6	52.3
39	8	3	10.48
181	154	10	52.84
119	126	23	40.77
664	102	5	11.91
102	541	4	6.38
227	172	5	28.51
3310	119	5	51.45
1039	14	5	10.41
107	177	9	17.31
142	631	6	43.36
107	281	4	7.85
101	463	5	8.04
124	117	10	4.54
407	925	3	33.58
124	227	3	6.21
111	361	10	48.02
117	997	3	14.92
117	845	3	13.9
117	921	3	14.56
590	102	3	3.85
4782	4093	3	67.05
819	12	4	6.76
105	564	4	13.41
122	228	7	24.12
122	176	4	6.13
534	107	5	19.63
2279	104	5	33.73
17	2	4	14.78
3039	14	5	23.76
120	211	3	5.04
12	998	17	108.05
868	200	4	38.09
103	1095	3	7.73
289	186	3	17.61
991	9	3	16.72
115	172	4	3.94
325	14	35	124.77
1240	14	5	11.82
112	2759	3	21.23
368	114	3	7.97
259	139	5	22.16
1793	102	4	16.88
103	4230	3	17.69
948	1370	3	42.21
102	1310	4	13.42
121	616	3	12.79
4462	14	4	23.24
4918	119	3	30.86
1944	14	5	17.14
346	12	6	4.39
117	1048	10	80.96
738	12	4	5.78
810	114	4	19.83
130	189	3	5.86
103	2618	3	13.97
119	300	3	7.11
771	12	4	6.09
1439	102	3	8.73
159	315	3	14.7
12	1953	5	19.75
103	713	7	23.54
116	3842	3	25.93
1199	14	3	4.12
756	101	5	13.14
102	301	7	9.1
155	139	5	10.52
109	983	3	12.91
568	178	4	31.75
1685	12	3	7.44
175	210	3	13.72
1811	156	6	65.35
105	380	4	10.21
106	4465	3	23.59
224	187	3	15.17
150	1505	5	46.57
141	105	32	73.21
505	106	3	8.2
110	454	5	18.55
109	1294	5	30.34
194	195	3	14.7
101	2570	3	12.12
255	121	18	103.79
545	14	6	6.9
12	471	6	7.97
103	1327	3	8.6
1124	12	3	5.07
353	321	3	24.49
103	510	13	51.78
308	643	11	138.17
135	3329	3	28.25
3578	9	5	54.08
208	112	16	64.77
1493	14	3	5.44
4572	115	3	25.7
1650	153	3	25.37
2565	14	3	8.32
103	318	6	7.53
106	1162	3	13.29
113	482	3	9.56
237	120	33	224.89
2127	12	4	14.67
102	923	4	10.67
375	123	3	9.85
1253	102	5	19.33
12	221	18	25.31
112	2113	5	38.63
110	254	4	7.27
150	1676	3	24.81
194	579	3	23.54
300	106	6	16.9
134	115	22	47.68
102	3467	3	15.11
1407	14	7	24.94
183	147	16	93.7
1021	101	3	6.75
106	408	5	16.59
103	1362	5	20.95
113	1347	3	16.38
172	838	3	23.9
439	123	3	10.91
904	12	5	11.06
12	3082	5	26.45
328	120	3	8.45
174	143	3	6.46
230	12	9	4.54
149	158	34	216.57
102	2359	3	12.39
2046	141	3	25.11
139	585	3	16.2
103	5028	3	22.14
580	116	6	31.13
2210	102	3	11.42
101	1816	4	16.53
114	103	122	182.2
16	184	9	32.16
124	1925	3	20.86
1546	9	3	19.62
109	2994	4	30.42
103	303	13	33.13
152	238	10	60.67
2309	288	4	52.87
103	493	7	18.04
113	331	3	6.82
494	339	4	39.42
130	872	7	54.5
665	123	3	13.48
109	374	6	21.35
795	150	5	38.71
255	132	3	9.23
215	114	3	3.95
101	722	4	8.43
3121	101	4	23.66
2448	14	4	14.02
1211	106	3	13.73
103	1176	6	25.56
122	149	26	92.39
124	503	3	12.09
120	123	16	19.1
663	12	10	30.27
490	114	11	66.97
155	3724	3	33.83
163	111	7	9.61
1725	120	3	19.44
101	291	29	116.97
115	314	3	6.77
103	845	3	6.09
919	104	4	14.99
294	1533	5	63.26
500	120	4	17.57
103	921	3	6.67
139	2619	3	27.26
102	256	16	38.2
101	1485	3	9.02
236	118	3	5.19
192	111	5	8.05
437	103	7	16.23
1137	14	5	11.08
278	122	3	7.35
221	119	8	26.75
1419	106	4	22.31
102	2693	3	13.58
712	101	5	12.28
1696	115	3	18.06
130	292	9	49.4
171	164	4	15.04
57	150	4	4.98
124	151	5	4.74
228	123	3	5.86
1391	12	3	6.33
787	102	7	24.74
135	2660	4	39.01
1771	102	6	32.18
142	598	4	25.04
145	140	11	31.57
3052	14	4	15.83
129	211	3	6.83
1544	103	3	9.65
723	12	6	13.17
157	1227	3	23.9
1542	141	3	22.82
808	178	4	35.12
467	132	5	28.47
1473	12	3	6.85
1856	102	3	10.6
187	140	6	21.61
103	588	8	25.94
901	14	7	17.02
549	115	4	16.5
1301	14	4	8.21
604	101	4	7
102	616	4	7.31
106	275	3	4.23
12	497	6	8.53
101	711	6	16.94
129	2143	3	23.18
400	197	6	51.44
1124	122	4	24.93
168	742	4	32.88
150	1957	4	38.27
104	240	5	5.57
1700	12	4	12.47
110	276	3	4.59
118	1146	6	41.64
151	154	31	189.68
123	128	8	5.4
632	102	4	7.57
139	1179	7	63.66
12	299	46	211.02
3769	3324	3	60.32
101	968	9	41.32
1437	103	6	27.94
1214	14	4	7.61
1007	14	6	14.03
16	247	3	7.38
102	869	5	15.08
362	161	3	16.59
133	1640	3	22.58
191	314	3	18.48
135	1673	5	44.47
102	2142	4	18.11
211	1926	3	32.41
182	1340	6	67.14
372	116	8	38.05
3368	102	3	15.11
85	120	6	6.59
3521	14	3	10.93
102	2772	3	13.58
119	174	11	32.87
221	152	3	10.39
12	4567	4	25.42
122	475	3	11.18
694	14	4	3.87
218	115	6	15.48
2264	12	4	16.11
114	2120	3	19.52
102	1304	4	13.42
101	460	4	4.96
1060	12	3	4.73
213	1205	3	29.43
124	120	20	33.07
124	230	4	10.4
120	141	7	6.39
1269	102	3	8.23
124	430	5	23.72
222	230	4	25.72
112	4037	3	25.02
273	124	4	12.35
105	567	10	53.22
440	14	10	16.5
1043	101	3	6.75
190	103	43	149.15
112	2688	4	31.73
13	1518	3	24.27
126	152	8	14.22
1122	101	3	7.13
109	1065	5	27.84
1259	12	3	5.87
553	104	3	6.35
177	239	3	15.07
115	125	31	62.4
103	2320	3	12.78
123	1700	3	19.7
2553	223	3	34.75
1184	101	3	7.53
112	490	6	27.37
127	161	7	15.47
1583	110	6	42.02
1129	152	3	22.32
136	490	5	30.24
101	103	177	28.66
142	925	3	19.76
163	179	3	10.3
204	125	5	13.09
129	585	6	37.63
860	103	3	6.09
12	813	8	24.04
1684	14	5	15.75
132	720	3	16.85
113	1850	3	18.38
102	1350	4	14.14
102	1199	10	55.93
112	1502	6	43.93
4958	110	3	28.54
103	720	3	5.34
12	2036	3	8.9
426	317	3	25.99
159	124	8	16.54
493	14	7	8.8
8	2894	5	48.39
2888	5348	3	63.23
108	407	3	7.37
668	244	3	26.79
176	154	5	19.11
113	451	7	33.57
679	302	3	28.81
827	107	3	11.52
2857	114	5	44.68
237	151	3	10.8
184	3697	3	35.45
117	1152	5	32.03
9	13	6	7.45
108	1067	4	20.13
286	234	3	19.95
103	3029	4	21.98
105	591	3	8.76
146	366	3	13.84
1310	2333	3	47.94
169	14	63	135.82
103	5855	3	22.14
4673	264	3	46.12
157	105	30	90.44
546	106	9	46.66
3855	102	3	17.29
121	256	9	38.65
12	145	133	356.8
710	12	4	5.49
5	102	5	10.86
210	701	5	48.38
179	329	3	18.02
215	108	8	20.29
1126	108	7	45.77
826	16	3	16.2
109	1163	4	20.81
589	101	6	14.65
1563	115	8	67.68
594	115	4	17.31
233	149	4	16.23
109	398	9	41.16
102	630	14	64.77
206	104	7	8.63
2875	295	3	38.64
647	1785	3	41.26
1339	264	3	32.63
111	1083	3	14.52
105	672	4	15.14
110	159	14	27.73
157	292	3	14.03
104	387	14	62.2
211	286	4	27.82
102	1842	3	10.6
1472	102	4	14.94
132	246	4	13.78
3161	109	3	21.82
768	12	4	6.09
840	114	3	13.36
165	118	5	6.69
105	1997	3	17.04
103	2956	3	13.97
243	14	14	11.45
1845	106	3	16.73
2210	14	4	12.6
320	9	4	14.24
105	1742	3	15.45
5509	2164	3	60.96
374	103	5	6.82
530	12	5	6.09
104	3841	3	20.76
476	244	3	24.49
106	305	13	57.23
964	116	4	22.17
103	1103	3	7.73
151	525	3	17.19
989	186	4	37.74
4508	9	4	43.26
3011	14	3	9.45
310	122	3	8.06
142	924	4	28.89
1669	14	4	10.46
449	648	3	31.97
423	104	3	4.9
117	843	4	20.98
135	178	3	5.99
4020	12	3	14.65
278	125	4	12.68
105	1186	3	13.2
144	124	7	8.1
4282	14	3	13.04
500	117	3	10.51
113	1030	3	14.49
127	368	4	16.42
102	561	6	14.36
293	12	9	9.06
119	312	3	7.36
108	482	3	8.36
254	114	4	8.97
326	12	15	32.18
954	102	4	11.13
111	395	13	73.65
450	109	3	8.13
338	102	19	67.2
419	14	6	4.66
916	106	3	12.13
2475	122	4	32.69
1410	14	4	8.86
117	4405	3	26.11
2362	101	3	12.12
35	1014	3	33.3
145	103	19	6.34
4311	14	3	13.04
150	1171	3	22.5
12	2472	3	9.84
107	307	7	22.07
118	3566	4	36.15
107	239	13	47.59
466	735	5	60.76
101	589	5	10.46
277	102	8	10.67
124	107	19	13.83
399	111	3	8.06
116	3845	4	40.56
724	137	4	26.02
109	613	3	9.88
116	1403	3	17.03
119	103	52	24.61
3562	14	3	10.93
146	2096	4	37.37
356	110	9	38.12
1706	14	6	21.85
1480	108	3	15.68
478	137	4	22.23
483	109	9	45.55
980	12	4	7.97
164	120	6	10.62
144	136	7	13.62
2344	12	3	9.84
1220	12	4	9.52
389	104	4	7.72
115	166	5	6.22
1405	421	3	36.59
12	1693	10	63.55
116	4018	4	40.56
101	267	6	4.69
120	136	8	8.03
2026	178	3	31.06
117	720	3	13.03
118	1992	5	40.89
117	618	6	32.38
188	165	12	78.48
201	105	22	87.82
285	110	3	4.86
148	177	5	17.31
102	2082	7	44.74
662	411	5	58.03
134	363	3	12.37
122	805	3	14.62
462	156	5	34.49
533	755	3	34.12
1514	12	3	6.85
161	128	40	233.86
180	130	4	9.03
104	3676	4	28.66
4587	2862	3	58.73
170	105	9	13.52
5751	14	3	17.43
2920	14	3	9.45
453	101	4	4.96
344	124	3	9.46
2140	14	6	26.09
112	699	3	11.72
5885	14	3	17.43
2020	108	4	26.89
438	12	8	13.53
109	280	13	56.66
197	354	3	20.05
3752	12	3	14.65
102	2271	4	19.58
174	300	3	16.8
178	648	3	23.08
157	189	17	114.61
110	207	10	27.91
1394	12	4	10.82
328	128	6	28.63
123	151	81	496.35
1670	101	3	9.64
251	119	6	19.02
241	766	3	27.41
142	213	4	13.98
211	199	5	31.28
3055	14	3	9.45
114	1475	3	17.26
102	1689	3	9.9
304	250	3	21.04
130	275	3	9.32
1	9	5	7.29
515	21	5	30.51
2232	14	3	7.41
2340	108	4	28.4
1300	14	3	4.51
159	151	5	13.33
651	107	5	21.8
101	378	5	6.12
1815	12	3	8.12
103	2102	3	11.8
124	104	23	9.07
522	101	4	5.88
108	1281	3	14.56
218	14	15	10.78
145	234	3	9.76
133	5064	3	34.75
1832	101	3	10.34
122	14	278	609.25
112	1355	5	32.98
112	1280	9	72.55
12	933	16	89.31
627	102	5	11.54
141	111	33	95.48
294	118	3	7.03
2868	102	4	21.45
120	128	12	14.05
127	130	6	3.88
115	154	6	5.57
1582	12	3	6.85
115	111	19	10.54
1623	148	4	35.75
108	339	3	5.96
278	129	3	9.21
422	121	6	29.45
1536	14	5	14.57
114	402	3	8.68
102	600	10	36.94
481	119	6	29.65
659	14	5	5.96
103	2685	3	13.97
131	114	9	5.04
131	180	3	5.31
161	185	4	15.96
103	2805	3	13.97
102	2381	3	12.39
133	3154	3	28.03
118	249	5	14.02
1050	102	5	16.95
109	1132	3	13.71
184	557	3	22.52
139	1451	4	32.19
296	103	6	6.82
182	715	3	24.05
173	195	4	19.29
420	110	3	7.73
445	14	13	28.82
1810	229	6	78.06
877	124	4	23.61
101	884	4	9.9
109	1438	4	22.88
145	658	3	17.64
157	132	5	9.2
128	571	3	14
110	208	8	19.27
134	175	5	14.01
205	307	3	19.02
109	295	5	12.89
156	309	20	176.91
942	12	5	11.61
139	35	10	68.42
16	283	4	13.73
187	581	3	22.72
143	115	7	4.73
696	108	8	45.57
156	248	8	48.91
8	2576	7	75.33
4320	14	3	13.04
191	179	3	12.95
12	3699	4	20.5
357	14	7	4.48
2182	215	3	33.44
102	962	3	6.65
1316	12	3	5.87
16	194	4	9.27
615	378	5	55.8
234	12	9	4.65
162	208	3	11.86
693	477	3	32.82
195	635	7	69.8
157	121	8	14.56
110	103	95	70.27
328	124	10	54.4
1430	14	5	13.54
146	308	64	775.05
102	3269	3	15.11
238	103	11	17.13
866	101	4	9.5
125	1	5	7.09
125	102	137	309.5
103	1250	3	8.6
12	446	34	186.74
124	897	4	23.61
425	116	8	41.09
102	749	5	13.56
102	646	3	4.2
5064	328	3	47.83
103	4811	3	22.14
269	103	6	5.72
156	500	3	18
2468	14	3	8.32
899	101	4	9.9
975	106	6	34.29
2488	124	3	22.74
253	211	3	18.08
103	915	7	28.15
289	108	3	4.91
103	855	8	32.72
2930	14	3	9.45
1520	12	3	6.85
115	2946	3	21.91
150	256	3	11.53
155	109	41	160.98
102	3120	3	15.11
2960	223	4	51.48
561	12	5	6.59
224	176	3	14.5
104	836	8	40.72
2423	12	3	9.84
574	1114	4	52.14
195	386	4	30.32
105	478	3	7.54
158	130	4	5.42
245	116	4	8.76
1502	102	3	9.28
4623	14	4	23.24
322	108	4	9.5
120	117	23	32.99
116	4890	3	30.42
133	149	7	14.42
1045	14	5	10.41
101	177	17	20.39
136	372	3	12.94
4672	264	3	46.12
455	16	4	18.67
124	315	3	8.7
121	699	3	13.73
104	1091	6	30.54
533	494	3	31.17
140	176	4	10.53
1023	116	3	15.14
109	765	4	17.47
304	109	10	39.91
102	2683	3	13.58
5034	385	3	49.37
103	602	6	16.29
283	137	6	30.01
1645	101	3	9.64
2166	14	4	12.6
1535	101	3	9.02
441	106	7	29.41
395	59	5	27.3
224	235	4	25.88
351	12	9	12.37
135	298	18	132.67
103	1807	3	10.98
1938	14	3	6.65
446	124	3	11.45
749	106	3	10.9
103	866	3	6.09
115	129	10	6.55
113	713	3	11.96
289	281	3	21.98
1342	14	3	4.95
259	109	6	15.56
109	712	4	16.74
119	130	15	21.93
105	1364	3	14.21
130	305	4	15.61
102	2818	4	21.45
515	12	10	24.4
398	101	6	9.79
2121	14	3	7.41
2732	101	3	13.31
1070	326	4	45.86
154	252	3	12.4
648	106	3	9.91
461	169	3	19.64
145	130	5	5.57
145	276	8	45.83
486	12	7	11.48
1202	4884	3	57
3995	102	4	28.98
211	242	3	17.41
173	407	4	28.16
121	323	5	18.83
1082	12	3	5.07
2924	12	4	17.95
794	104	3	8.54
535	14	7	9.87
104	402	17	85.14
2678	108	3	20.17
149	124	12	27.46
108	918	3	12.47
1946	152	3	25.85
243	115	5	12.51
701	14	4	3.87
101	1675	3	9.64
102	1087	8	37.62
252	8	3	7.07
165	102	13	7.57
102	696	4	8.44
1265	12	3	5.87
910	102	3	6.33
183	1142	6	64.14
152	175	3	7.75
318	185	3	18.16
303	102	6	6.51
292	197	3	18.65
118	179	9	24.78
320	155	3	14.59
269	2	3	7.46
396	366	3	26.83
108	1868	6	45.47
449	339	5	50.87
109	1330	5	30.34
643	122	3	13.07
1786	14	3	6.65
257	114	4	9.14
107	890	3	11.84
125	175	5	10.18
435	109	3	7.84
12	455	7	10.82
894	12	3	3.85
555	116	5	23.64
104	6307	3	25.22
109	1253	4	22.13
1294	12	8	33.94
247	1465	4	45.96
111	2516	4	29.62
121	406	3	10.25
1611	9	3	20.29
148	103	87	260.04
201	121	9	31.37
6293	14	3	17.43
3582	14	3	10.93
366	14	8	7.24
59	184	3	6.54
187	152	3	8.49
113	303	3	6.23
4331	14	3	13.04
3547	14	3	10.93
102	783	5	14.04
1448	14	4	8.86
161	141	10	37.02
109	496	4	13.68
117	1420	6	44.65
102	4582	3	17.29
1271	114	5	32.86
108	814	3	11.82
981	12	6	16.99
156	120	9	18.03
108	1017	6	35.88
105	2030	3	17.04
9	12	77	50.69
174	114	7	13.51
16	157	12	35.29
5555	101	3	21.46
867	245	3	28.55
143	238	7	34.32
112	715	11	76.57
186	657	3	23.62
106	436	3	7.45
612	14	8	15.23
295	147	4	18.53
3444	14	4	18.35
59	4160	3	30.57
134	102	28	12.82
300	125	12	66.82
104	405	4	8.19
146	580	5	33.64
123	269	8	34.3
102	1193	3	7.78
277	118	4	10.74
107	291	5	12.31
107	223	4	5.37
118	3658	3	24.15
124	123	25	52.69
12	811	4	6.42
1198	320	5	61.3
105	200	9	20.13
12	2532	4	16.11
178	339	3	18.34
145	119	10	13.72
364	115	3	7.99
214	163	3	12.54
104	909	10	59.62
1147	14	4	7.08
221	140	3	8.8
127	397	4	17.26
112	256	4	8.43
1990	116	3	19.89
103	627	5	12.13
207	109	5	7.82
171	192	3	12.22
164	162	4	13.63
164	104	9	7.2
115	226	6	15.9
103	1085	8	38.66
115	286	3	6.22
137	172	4	9.47
126	140	10	16.75
112	4028	4	39.34
316	105	3	4.63
107	473	3	7.92
120	151	6	6.28
102	1371	7	34.69
2218	14	3	7.41
933	119	3	14.82
235	165	5	27.76
103	1674	3	10.27
1134	2087	3	45.95
1416	294	3	33.47
12	934	3	4.12
222	163	3	12.81
1431	12	7	28.61
105	584	4	13.67
105	376	4	10.06
111	298	15	76.4
179	665	3	23.08
433	538	3	30.34
117	2063	5	40.46
1029	104	3	10.17
127	277	3	8.34
115	153	7	7.19
160	738	3	20.9
144	275	5	23.67
1177	14	3	4.12
2577	161	4	42.82
57	14	49	16.12
171	149	3	6.91
103	649	7	22.33
102	2787	4	21.45
102	4808	3	21.73
976	109	3	12.91
1711	12	3	7.44
140	130	7	10.39
522	12	5	6.09
183	2450	4	46.6
129	305	4	15.24
105	334	7	22.55
4227	102	3	17.29
1854	107	3	16.77
117	2206	3	20.07
1212	14	4	7.61
154	117	8	11.66
121	787	6	38.25
3401	119	4	36.16
157	195	5	22.15
102	5531	3	21.73
1787	110	3	17.18
974	114	5	29.64
211	269	8	66.04
113	419	8	39.36
102	990	3	6.65
1127	12	3	5.07
212	12	11	6.45
552	105	6	25.1
109	218	16	63.49
108	947	4	19.59
102	2277	3	12.39
102	4375	3	17.29
139	121	43	176.09
108	633	5	21.9
331	244	3	21.45
138	2802	3	27.16
1079	418	3	35.08
150	2600	5	56.3
275	120	3	7.14
1250	102	7	33.1
103	573	4	7.27
59	214	5	18.39
5205	4738	3	71.55
112	1094	5	30.22
102	809	8	30.76
2	8	12	12
928	12	3	4.12
106	318	14	65.28
101	832	4	9.5
1899	102	5	24.08
173	132	7	22.46
104	225	10	21.09
117	179	7	15.55
257	238	5	37.28
173	121	29	148.61
125	103	62	62.7
1954	185	3	30.73
110	348	5	14.92
104	332	11	37.2
111	1991	3	18.84
139	132	17	54.36
844	123	3	15.11
233	342	4	30.91
5940	185	3	42.18
4354	160	3	34.16
211	1125	3	28.86
2	266	3	7.39
102	647	8	26.18
187	115	7	15.83
725	14	4	4.13
353	105	8	29.04
12	1136	3	5.07
12	1288	3	5.87
884	101	3	5.79
1275	204	7	83.43
471	14	7	8.16
102	1081	3	7.37
16	133	23	69.83
448	9	3	11.76
520	339	4	39.92
103	232	22	61.87
101	3532	3	14.84
149	12	36	22.99
112	3286	3	22.8
1228	12	3	5.45
151	136	5	8.51
123	242	7	25.39
110	102	52	4.56
300	141	3	11.5
150	1838	4	37
2486	14	3	8.32
12	279	12	16.21
234	101	8	6.91
162	144	3	5.19
1698	14	5	15.75
559	149	3	17.34
178	163	4	15.93
1062	14	7	19.76
326	110	5	14.26
104	880	6	27.15
3673	115	3	23.48
102	1216	3	7.78
101	532	4	5.88
551	136	3	15.51
101	428	6	10.76
85	145	5	10.01
159	154	7	24.98
140	177	7	25.85
168	1292	3	26.53
108	468	5	18.65
105	1497	3	14.79
102	4857	3	21.73
119	458	9	51.37
105	1192	3	13.2
111	1525	3	16.58
108	292	4	8.61
104	3191	4	28.66
109	2234	3	18.01
115	253	3	5.36
2200	217	4	47.87
217	123	4	9.35
624	8	3	13.65
127	118	15	17.75
112	540	3	10.01
192	162	3	11.15
103	1625	5	23.28
222	262	3	18.81
155	3729	3	33.83
107	566	5	19.96
102	1521	9	54.89
101	176	11	6.43
163	162	10	51.43
13	222	3	10.3
561	101	4	6.3
122	140	11	17.42
2148	14	3	7.41
85	135	6	11.92
398	12	10	18.86
386	102	5	6.82
221	14	27	45.51
102	2817	3	13.58
169	1875	3	29.11
3832	101	4	28.61
129	199	6	20.1
893	14	8	21.86
124	135	7	6.35
800	120	3	14.55
154	253	6	33.24
102	1344	3	8.73
120	111	17	11.94
1066	123	4	24.6
120	154	15	42.52
133	328	4	17.43
101	160	23	21.65
1596	102	3	9.9
163	123	6	10.74
122	137	29	94.77
104	754	3	8.27
748	101	3	5.01
4230	1102	3	52.04
369	103	4	3.96
109	1737	7	54.38
12	2247	3	9.84
158	149	3	4.99
126	14	87	44.52
599	106	6	27.47
1222	14	7	22.05
1994	277	5	66.82
982	14	4	6.15
108	105	52	57.65
144	111	12	14.91
115	128	11	8.01
1027	109	3	13.3
645	12	4	4.72
2267	102	3	12.39
118	178	8	20.3
152	174	25	169.09
2438	14	4	14.02
257	115	3	5.48
835	108	4	18.17
125	174	5	9.93
116	2337	3	20.91
103	1120	4	12.67
1533	14	8	33.93
8	1611	4	29.62
111	632	6	30.42
1126	102	5	17.67
105	912	4	17.91
2939	12	4	17.95
157	407	3	16.78
1113	12	4	8.96
118	1299	11	102.09
151	141	4	5.81
123	125	10	7.03
108	1824	3	17.08
2164	1	3	28.5
128	476	3	13.1
1130	101	3	7.13
2867	122	3	23.37
132	179	3	5.63
106	539	3	8.7
153	406	18	167.84
12	324	8	8.15
3724	264	4	61.54
102	1088	6	23.77
2193	534	3	41.05
459	105	4	11.82
113	465	6	27.15
113	567	10	60.53
165	103	24	37.89
337	112	4	11.02
914	12	3	4.12
102	2371	3	12.39
1017	125	4	25.17
119	780	3	13.56
484	135	5	29.47
309	114	3	6.56
103	278	6	6.19
16	233	8	33.29
176	141	3	6.46
114	332	3	7.07
2903	115	6	60.39
279	112	3	5.5
9	101	51	32.05
778	14	11	34.66
1016	101	3	6.75
134	103	75	153.93
122	977	3	15.96
1192	101	3	7.53
3711	14	3	10.93
136	2539	4	37.47
139	1317	3	21.57
1309	12	4	10.14
591	104	3	6.72
105	4469	3	23.04
188	180	6	33.73
101	825	3	5.51
3459	14	4	18.35
3144	101	4	23.66
104	306	8	20.27
161	215	3	12.05
416	122	5	22.49
145	1749	3	23.94
103	580	7	20.22
2318	12	3	9.84
152	191	3	8.88
102	680	12	53.04
142	1289	3	21.91
108	210	9	23.9
287	104	6	11.28
2894	14	5	23.76
377	115	7	31.11
1052	14	6	14.82
236	140	3	9.3
115	287	4	10.35
115	117	14	6.23
141	117	21	51
111	293	8	29.93
111	123	13	5.72
111	542	8	42.67
311	109	6	18.22
145	118	8	8.29
12	2455	3	9.84
154	153	4	8.87
101	576	4	6.52
4795	1203	3	57
277	119	4	10.75
836	106	3	11.48
1235	14	3	4.12
4545	14	3	13.04
4042	119	4	41.15
136	1408	3	21.81
57	170	4	8.85
3044	14	3	9.45
101	1163	3	7.13
782	155	3	21.16
57	9	14	28.81
4738	655	3	52.95
171	131	8	25.8
207	159	3	10.85
1928	198	3	31.7
119	176	4	5.3
203	354	4	29.38
1046	182	5	49.91
270	111	3	5.11
162	176	3	9.99
1046	116	3	15.14
877	111	3	13.02
394	102	5	7
591	107	3	9.31
2706	106	3	19.81
104	415	12	51.59
370	106	15	80.05
105	817	3	10.96
803	124	3	15.21
105	713	3	9.86
1318	14	5	12.63
1210	108	4	21.33
2462	103	3	12.78
9	110	13	5.22
12	1570	9	46.93
103	340	48	309.14
920	126	3	16.49
102	870	3	6.03
114	138	24	58.7
102	974	3	6.65
103	587	3	4.16
494	302	3	26.69
102	673	8	27.54
131	14	70	37.8
340	146	4	19.86
463	152	4	24.28
358	101	6	8.33
139	105	20	29.03
220	110	6	12.7
754	101	3	5.01
649	102	3	4.38
101	712	3	4.56
121	492	5	24.28
135	249	63	637.46
111	178	6	9.67
709	14	5	6.63
1491	14	3	5.44
106	773	3	10.9
125	1978	7	69.36
103	1099	5	18.3
3506	14	3	10.93
278	141	3	11.01
137	120	8	8.25
1074	12	3	4.73
118	632	4	18.76
102	4945	3	21.73
119	469	8	44.04
150	284	10	66.07
155	517	3	18.13
102	2727	3	13.58
146	1793	3	24.89
1758	620	6	94.72
130	318	4	15.98
119	175	5	8.21
951	102	3	6.65
8	5115	3	32.27
574	189	4	33.08
249	114	3	5.01
119	295	5	16.46
8	4979	3	32.27
150	359	23	213.75
127	392	4	17.08
537	131	3	14.32
227	124	5	14.96
217	500	3	23.75
107	225	6	12.18
102	1303	4	13.42
2563	14	3	8.32
112	3707	5	49.17
1925	12	4	13.48
122	432	3	10.73
104	999	4	15.47
544	135	5	30.72
596	151	4	26.41
800	123	6	38.75
578	116	3	11.25
109	1927	3	17.16
157	662	3	19.89
214	248	14	129.53
311	261	3	21.8
103	2516	3	12.78
4306	14	3	13.04
249	16	4	12.11
108	351	4	10.27
108	408	3	7.37
109	2505	3	19.02
103	795	7	25.63
207	143	6	24.73
274	102	6	5.39
102	589	5	10.86
102	382	9	21.36
102	441	5	8.19
113	823	3	13.08
144	12	30	8.18
289	219	4	28.49
102	59	27	12.07
680	139	17	170.74
164	148	4	10.32
236	156	4	18.14
1080	114	3	15.19
318	623	3	28.61
241	1253	3	30.88
150	333	14	109.19
103	2139	3	11.8
885	101	5	14.66
109	901	9	59.46
758	108	3	11.24
906	103	3	6.37
395	131	3	12.28
1406	122	5	36.55
224	103	8	7.48
145	383	3	14.02
10	772	20	362.69
120	242	4	9.97
141	136	13	38.33
1213	12	3	5.45
102	1605	3	9.9
163	120	7	13.84
1625	12	6	25.01
110	363	5	15.65
238	118	7	22.93
266	207	3	18.07
589	12	7	14.3
173	105	9	14.53
153	14	28	5.67
103	1181	3	8.14
176	355	3	18.42
152	119	8	10.58
103	366	9	21.35
160	137	3	3.93
59	183	5	15.4
103	543	7	19.3
4432	122	3	27.17
139	145	6	10.79
208	130	3	6.77
109	501	5	19.34
131	139	6	7.49
3466	114	4	35.06
558	12	5	6.59
108	916	3	12.47
1193	116	4	23.93
111	1856	4	26.84
798	12	4	6.42
286	109	3	4.84
2972	251	3	37.14
785	102	3	5.48
109	251	9	29.05
668	245	4	38.23
143	140	4	4.5
5242	101	3	21.46
102	885	3	6.03
101	920	3	6.09
112	2011	5	38.63
489	204	5	43.65
2042	129	5	45.66
113	1261	4	23.75
105	802	4	16.59
105	742	6	28.99
110	118	74	198.62
3609	12	3	12.5
1337	14	6	17.71
686	115	5	25.56
318	200	5	37.23
102	644	9	31.81
549	152	6	43.84
530	101	5	9.28
103	413	10	29.31
16	381	3	11.02
180	118	5	8.75
880	109	5	25.87
156	462	4	25.71
751	12	8	23.19
269	109	5	11.76
105	876	4	17.45
225	380	3	22.1
101	2577	4	19.22
104	138	64	182.11
102	2038	5	25.8
103	1256	3	8.6
2906	122	3	23.37
103	1509	3	9.65
8	1960	3	21.73
12	134	464	2738.42
151	128	6	9.16
35	418	6	63.72
904	104	3	9.13
491	102	10	31.93
104	521	8	31.48
134	130	5	4.16
9	128	7	4.41
149	111	9	9.36
4559	128	3	29.01
102	2355	3	12.39
1219	14	7	22.05
459	121	7	37.78
4561	14	4	23.24
378	101	9	20.26
2965	14	3	9.45
165	119	13	38.99
1079	320	5	60.46
104	1788	3	13.95
1513	14	3	5.44
101	1236	3	7.53
330	158	3	14.92
1042	102	4	11.63
2666	104	4	26.06
1123	102	6	23.77
124	205	4	8.85
102	1149	3	7.37
211	786	3	26.66
154	136	4	6.32
102	1269	4	13.42
136	284	3	10.78
938	1045	10	168.52
145	313	5	25.42
2229	115	3	19.67
168	520	3	20.51
1770	108	3	17.08
461	110	3	8.15
255	954	3	29.91
1544	14	3	5.44
122	152	11	22.68
105	539	4	13.15
385	200	6	50.97
322	102	12	29.51
210	127	5	14.6
103	1612	4	16.36
211	861	3	26.97
897	230	5	52.66
8	35	6	28.03
103	1053	3	7.35
289	102	22	75.62
115	141	11	13.54
171	547	4	30.29
192	158	6	28.21
126	181	3	4.15
108	121	19	12.43
264	155	3	13.14
1052	115	5	30.59
264	112	3	5.17
4357	14	3	13.04
1823	14	3	6.65
3683	14	4	18.35
190	175	3	12.59
108	132	19	25.42
175	258	4	23.44
2969	814	3	46.32
287	120	5	17.17
109	935	6	34.33
1252	114	7	52.25
13	127	6	8.2
104	789	7	32.56
104	669	12	66.71
168	289	19	177.32
116	441	3	9.72
560	146	4	24.72
120	268	6	21.79
429	119	4	15.37
102	1102	3	7.37
496	14	12	27.32
116	5052	3	30.42
4257	119	3	26.37
2082	495	6	93.71
103	1916	3	10.98
105	185	10	21.27
102	3923	3	17.29
865	307	4	42.91
267	278	3	21.15
990	185	3	26.36
145	102	18	4.06
204	568	4	34.02
110	705	3	10.82
684	217	14	173.45
129	1514	3	20.89
2096	102	6	34.58
102	2650	3	13.58
139	872	5	37.46
103	2614	3	13.97
119	296	3	7.03
140	191	3	7.33
104	1739	3	13.22
9	2465	5	45.72
57	112	8	4.1
102	495	21	105.86
1850	110	3	17.18
102	411	9	23.35
630	14	5	5.65
103	761	3	5.57
16	796	3	15.89
13	1801	3	25.69
104	1187	3	11.01
2823	16	3	24.68
117	1181	3	16.18
1483	16	4	29.6
102	2340	5	27.96
165	276	4	22.55
588	102	5	10.86
16	173	8	23.84
113	478	4	15
152	457	3	16.43
696	102	5	12.69
569	12	7	13.41
898	118	3	14.47
113	1123	4	22.43
103	1482	4	15.45
470	180	4	30.4
112	2109	3	18.99
134	119	12	16.11
2878	124	4	35.41
151	117	11	19.09
4442	122	4	42.22
555	101	5	9.85
1543	101	3	9.02
145	852	3	19.3
179	234	18	158.2
2158	14	3	7.41
132	514	7	46.22
120	687	4	20.36
148	118	9	12.61
173	189	7	40.22
133	598	3	15.84
121	421	3	10.53
909	985	4	55.48
103	394	4	4.59
102	598	3	4.02
830	102	4	9.83
114	566	3	10.7
1376	12	4	10.82
935	14	8	22.88
6241	106	3	28.07
109	427	4	12.45
118	211	4	7.83
112	839	3	12.84
288	109	3	4.91
9	170	6	13.06
103	3830	3	17.69
350	124	3	9.57
988	140	3	19.79
134	172	7	22.77
693	447	3	32.48
12	176	27	35.77
214	2517	5	65.09
173	578	3	21.55
107	592	8	41.23
103	1216	3	8.14
704	102	6	17.45
116	2305	5	42.35
188	111	5	7.42
1505	12	8	38.2
12	428	6	6.97
1141	14	6	15.68
310	131	5	22.05
1061	14	4	6.6
953	108	3	12.83
108	1911	4	25.63
1182	206	3	28.81
595	124	6	35.2
1274	129	5	38.96
1292	108	4	22.02
128	1592	3	21.34
248	140	3	9.78
113	291	4	10.15
282	187	3	17.44
135	1402	4	31.4
674	139	14	132.05
1793	116	3	19.03
634	109	5	22.03
1728	14	6	21.85
102	232	41	167.2
1582	14	3	5.44
460	122	3	11.03
253	161	3	13.62
115	112	20	12.92
1697	14	5	15.75
446	140	7	46.5
418	9	3	11.32
4088	101	4	28.61
120	197	3	4.47
146	749	4	27.66
158	120	9	18.26
117	732	3	13.03
987	12	8	28.1
104	786	9	47.37
122	12	77	38.44
590	116	4	17.6
414	123	3	10.62
317	632	3	28.61
105	332	8	27.62
145	158	8	25.29
1440	128	3	20.07
111	2785	3	21.08
136	336	3	11.95
107	303	4	8.46
101	529	4	5.88
154	181	6	25.56
6044	14	3	17.43
120	447	3	10.96
780	105	3	10.38
1223	103	3	8.14
57	101	29	13.6
603	129	3	14.84
103	647	3	4.51
118	1006	8	58.92
102	4706	3	21.73
664	116	4	18.51
2232	12	3	8.9
103	809	4	9.92
454	111	3	8.89
112	289	41	311.64
159	156	3	6.33
150	567	4	25.62
428	14	8	9.73
1095	101	5	17.23
39	13	3	15.12
119	147	20	53.34
1132	103	3	7.73
119	324	7	29.43
155	484	11	96.6
130	225	3	7.53
461	14	20	65.69
2561	14	5	20.9
124	143	12	24.15
297	102	14	35.64
731	126	3	14.94
355	123	4	14.45
154	196	4	15.61
133	395	7	42.47
186	1393	3	28.7
102	1266	3	8.23
133	455	8	53.82
120	180	5	9.76
120	114	24	32.56
681	111	3	11.33
1045	12	3	4.73
12	2220	4	14.67
214	442	17	198.36
204	112	6	12.78
4289	14	3	13.04
185	106	25	101.79
1234	103	3	8.14
119	456	3	10.28
334	101	6	7.28
108	174	12	29.04
103	990	3	7
217	175	3	14.19
363	118	3	8.6
3829	145	3	31.63
127	120	13	14.96
587	109	4	15.18
467	102	4	5.42
594	12	7	14.3
131	128	8	9.35
269	104	5	7.2
109	515	13	78.77
127	611	5	28.82
725	101	5	12.7
353	103	17	60.08
183	463	3	21.17
117	2938	3	22.32
2115	14	3	7.41
2973	14	4	15.83
135	2474	7	81.65
125	105	61	149.62
12	527	6	9.13
550	124	4	19.17
105	939	3	11.61
179	262	6	40.9
150	2039	3	26.44
102	5544	3	21.73
660	8	6	36.65
123	300	3	7.99
105	610	6	26.4
110	104	42	15.86
110	162	6	5.42
107	638	3	9.72
101	934	4	10.33
3091	14	3	9.45
111	2356	3	19.85
295	119	15	83.35
1214	129	3	19.26
626	103	3	4.51
12	277	56	272.96
106	415	7	28.33
517	245	5	46.93
12	131	37	6.38
349	155	4	22.76
324	119	20	130.17
3255	217	3	37.46
102	4422	3	17.29
103	2892	3	13.97
161	421	3	17.91
191	118	4	6.45
243	111	4	7.48
156	150	3	4.98
109	189	10	24.9
257	117	4	9.79
2168	14	3	7.41
532	103	4	6.61
12	502	6	8.53
434	12	5	4.61
538	107	5	19.63
463	12	11	26.48
135	2081	4	35.57
109	564	3	9.29
5134	107	3	28.12
269	123	3	7.23
103	2838	3	13.97
1618	101	3	9.64
152	172	3	7.24
116	5649	3	30.42
113	213	9	28.25
929	14	7	17.85
114	117	39	73.59
1163	14	6	15.68
116	5392	3	30.42
160	583	4	28.07
174	128	4	7.78
102	4343	4	28.98
9	212	3	5.74
421	107	6	22.76
580	102	6	14.75
151	139	4	5.7
480	114	3	9.83
109	1407	5	31.35
110	123	30	41.63
672	12	4	5.22
1130	14	6	15.68
102	1855	6	32.18
223	172	3	13.75
12	149	37	24.93
1710	14	4	10.46
150	1201	3	22.5
150	1277	7	68.5
486	14	8	11.5
1953	101	3	10.34
3460	14	3	10.93
195	215	4	23.23
167	124	110	931.03
102	4014	3	17.29
103	2065	4	18.63
341	623	3	29.33
124	191	8	26.09
102	1287	3	8.23
189	284	4	25.93
107	185	11	27.2
107	136	33	79.07
2645	116	3	22.14
1176	12	4	9.52
103	732	8	30.07
115	582	4	17.03
171	230	11	80.97
103	680	5	12.89
156	779	4	30.36
102	2815	3	13.58
2503	14	4	14.02
259	106	3	3.87
3148	106	3	21.38
12	3526	3	12.5
847	12	5	10.56
118	2408	3	21.34
107	384	3	6.62
490	104	5	14.24
102	1602	4	15.84
13	101	19	7.37
351	14	15	27.74
2576	14	7	40.67
179	768	3	24.15
245	112	6	15.91
105	490	7	29.77
102	1493	3	9.28
850	124	13	114.16
120	202	3	4.58
122	221	10	40.34
145	430	3	14.84
3225	102	4	24.03
1018	125	7	53.53
926	102	6	21.21
409	111	3	8.19
108	312	5	13.33
287	102	6	5.86
1469	991	3	42.82
114	954	3	14.38
1545	108	3	15.68
3265	16	3	26.26
164	103	15	12.1
144	254	4	16.27
103	1088	6	24.54
115	181	5	7.85
2437	14	4	14.02
548	186	3	22.32
782	110	4	17.9
12	1931	8	44.65
207	106	4	4.43
1147	12	5	13.53
105	1473	3	14.79
119	120	13	8.84
109	798	7	40.06
167	136	4	9.04
338	132	3	11.37
145	120	9	12.55
2694	108	4	30.31
103	1902	3	10.98
2994	14	5	23.76
12	160	59	110.92
1253	116	3	16.5
162	123	6	10.43
102	1628	3	9.9
183	126	12	47.87
143	111	24	57.49
1553	12	4	11.59
2	17	3	9.42
211	1409	4	43.25
299	140	3	11.4
109	105	70	112.05
9	14	142	167.08
1221	14	5	11.82
401	161	6	43.67
1058	119	3	15.57
863	14	4	5.03
498	484	4	43.12
138	516	4	22.83
103	2681	3	13.97
629	101	9	31.03
108	815	4	18.17
170	118	8	17.81
103	1344	3	9.09
160	1550	3	25.79
106	138	96	442.55
229	111	4	7.06
400	136	4	20.43
125	189	8	25.72
894	14	10	32.83
109	1316	3	14.64
1294	14	4	8.21
111	718	3	11.84
112	5638	3	29.5
164	108	8	11.17
2175	14	3	7.41
12	1613	3	7.44
113	655	3	11.48
103	1097	5	18.3
1526	101	6	28.04
2055	108	3	17.93
3053	14	3	9.45
955	14	4	6.15
1875	14	4	11.44
144	140	6	10.62
103	885	4	10.72
155	135	28	146.77
111	1373	3	15.99
109	856	11	77.24
195	354	3	19.96
440	12	5	4.61
2146	14	3	7.41
109	3476	4	33.03
120	317	4	12.94
12	1004	3	4.41
101	513	5	9.01
333	108	4	9.75
107	117	62	133.4
1140	14	10	39.57
983	119	4	22.75
1060	14	9	31.15
104	2270	3	15.78
5745	14	3	17.43
105	256	16	66.88
150	1243	5	44.41
12	4566	3	14.65
461	272	3	25.32
1329	182	3	27.8
103	3390	4	24.56
304	135	9	52.77
121	3213	3	24.89
108	457	4	12.93
103	2625	4	21.98
1367	2603	5	92.43
102	366	19	72.98
357	129	11	69.97
886	101	3	5.79
1591	14	3	5.44
113	405	4	13.6
112	755	3	12.25
114	136	26	65.76
162	120	4	4.17
12	102	230	10.53
407	542	3	29.89
3175	156	4	46.17
101	965	3	6.41
1214	12	3	5.45
2270	114	4	30.53
110	279	5	12.28
1339	245	3	31.62
1599	153	3	25.37
8	3578	5	53.79
3556	14	4	18.35
391	14	13	24.48
105	972	3	11.96
106	332	4	9.21
103	1200	3	8.14
101	710	3	4.56
512	104	4	9.91
125	132	11	16.26
257	136	4	15.49
331	178	6	44.68
103	382	15	53.47
3896	116	3	25.93
164	658	3	21.45
2	233	4	10.29
109	408	4	12.08
143	390	3	14.01
206	161	3	11.41
112	911	9	63.72
262	215	4	27.07
303	106	3	4.84
215	107	7	15.42
104	258	4	4.09
104	318	4	5.61
110	430	4	12.48
4160	12	3	14.65
2564	14	4	14.02
136	859	3	18.44
106	225	13	45.06
247	1387	4	45.1
107	833	4	17.77
295	103	5	4.36
12	144	31	9.39
349	9	3	9.73
104	4924	3	25.22
214	4604	4	58.73
123	114	20	22.89
169	12	35	52.59
157	102	63	171.19
110	120	21	16.86
104	510	4	9.91
166	524	31	407.97
134	148	6	10.97
2100	114	5	39.53
310	547	5	51.33
134	205	3	7.41
367	118	3	8.71
9	85	5	5.19
111	1646	3	17.24
138	178	7	25.89
156	191	3	9.87
2050	385	3	38.79
4979	9	3	32.44
2785	14	3	9.45
181	206	16	129.1
428	115	22	165.37
356	581	5	54
12	1917	8	44.65
103	673	3	4.9
529	185	9	88.27
2465	12	3	9.84
102	380	7	13.32
124	276	4	12.45
124	130	10	11.94
284	116	3	6.42
101	414	4	4.35
103	3289	4	24.56
364	21	3	12.68
117	900	5	29.27
167	117	4	4.09
311	146	4	18.79
528	411	8	97.66
105	301	5	11.57
856	14	9	26.01
245	14	10	4.08
13	5071	3	37.12
2269	116	3	20.91
222	130	4	12.07
136	354	3	12.37
163	118	5	6.19
2300	116	3	20.91
103	870	6	21.23
164	150	7	25.63
716	125	8	56.58
116	1104	13	120.17
103	2261	3	12.78
130	415	8	50.12
102	3137	3	15.11
117	1918	3	19.21
124	150	5	4.54
312	128	3	9.74
116	5007	3	30.42
355	120	3	8.94
107	321	3	5.27
254	117	4	9.61
3071	14	4	15.83
450	106	3	7.74
101	2654	3	13.31
119	263	8	31.57
1513	101	3	9.02
712	103	3	5.11
103	598	4	7.76
113	700	3	11.96
115	139	10	10.63
1498	12	3	6.85
101	1487	5	20.94
127	123	9	6.34
104	2045	3	14.79
101	3748	4	28.61
203	1399	3	29.86
204	14	28	41.47
245	9	16	88.95
123	857	3	15.11
560	102	4	6.6
2398	102	3	12.39
281	395	3	24.6
111	2610	3	21.08
3817	14	4	23.24
118	5798	3	30.86
106	306	7	21.98
12	383	8	11.27
106	238	6	12.95
2	133	13	22.91
152	106	9	7.46
371	110	3	6.76
530	14	6	6.61
103	546	7	19.3
286	430	4	36.13
248	156	25	216.23
191	367	7	59.18
707	1679	3	41.25
149	156	12	50.07
374	414	3	27.38
1433	128	5	39.6
109	132	49	148.87
252	106	4	6.69
768	14	5	7.38
265	112	5	13.1
121	336	5	19.16
506	110	3	8.78
106	490	3	8.2
1309	16	3	19.01
1072	141	3	20.29
203	1787	4	45.46
104	585	3	6.53
272	12	9	7.61
168	1094	3	25.57
323	102	14	38.75
107	605	3	9.51
101	1100	6	23.24
328	16	3	9.71
384	200	4	30.33
169	21	4	9.05
438	14	8	10.05
1243	520	3	37.4
742	200	3	25.41
554	135	6	39.66
12	1489	6	23.4
102	849	10	45.28
406	135	3	13.44
1069	59	3	19.7
112	1029	3	14.25
170	102	12	6.77
910	132	5	36.38
2432	14	3	8.32
586	14	14	41.7
795	110	3	11.62
131	124	26	73.54
109	481	13	76.95
109	429	5	17.75
1024	124	4	25.14
1179	429	3	35.54
109	1300	4	22.13
1543	14	3	5.44
826	110	3	11.92
608	119	4	18.47
2993	697	4	63.83
111	734	6	32.56
1208	109	3	14.16
117	615	3	11.83
479	12	6	8.24
103	3640	3	15.51
133	163	5	11.48
806	115	5	27.48
505	112	3	9.49
217	1539	3	31.31
980	14	12	49.7
112	449	6	26.33
811	152	7	60.4
220	684	3	25.93
137	160	4	7.07
392	820	9	121.88
315	327	6	56.39
203	126	6	18.26
1076	5328	3	56.11
2478	12	3	9.84
567	623	5	60.88
111	1320	3	15.45
130	138	15	41.64
119	104	25	6.32
39	12	7	8.57
1571	101	3	9.02
101	1145	3	7.13
2521	174	3	31.62
114	638	4	17.71
1338	14	6	17.71
3787	101	3	17.01
85	159	4	9.32
8	193	3	4.79
104	5669	3	25.22
124	234	4	10.47
602	101	4	7
124	159	11	28.99
455	124	10	64.1
364	12	13	27.95
145	162	4	8.99
1015	504	3	35.64
290	14	15	20.99
101	394	6	9.79
1374	12	3	6.33
455	12	5	4.99
124	176	8	23.33
312	111	3	6.05
124	118	14	12.94
1890	128	3	22.09
1343	654	3	39.46
103	630	3	4.51
426	12	7	9.9
801	102	3	5.48
85	118	12	24.19
1048	108	8	53.8
1892	14	3	6.65
102	2834	3	13.58
119	172	6	10.72
140	146	4	4.83
209	329	3	20.06
119	216	19	96.32
5731	14	3	17.43
190	105	8	14.68
137	119	85	445.5
1074	14	4	6.6
108	250	9	28.62
483	120	4	17.34
2399	102	3	12.39
113	603	3	11.03
1220	126	4	26.78
103	886	7	27.25
151	857	3	20.34
832	101	3	5.51
13	13	8	24.48
540	688	3	33.56
106	197	17	61.29
125	195	6	17.2
223	579	3	24.83
285	115	5	15.01
1683	14	4	10.46
266	107	4	7.31
131	12	35	4.66
863	156	5	41.53
103	2743	3	13.97
488	128	3	13.1
139	102	27	14.57
275	103	6	5.95
103	590	6	15.87
3151	101	5	35.76
102	676	8	27.54
193	121	8	25.12
3574	14	5	29.05
1459	14	4	8.86
116	5227	3	30.42
530	438	4	42.73
102	871	5	15.08
740	14	4	4.13
1661	116	3	18.29
258	244	10	90.68
1444	109	3	15.17
401	109	5	17.05
314	120	3	8
174	125	4	6.46
300	114	5	15.33
109	1571	4	23.72
5071	4738	3	71.55
1628	116	4	27.17
876	102	4	10.23
350	111	6	21.76
134	158	21	98.04
527	104	4	10.13
281	178	10	81.31
12	103	714	1060.19
270	112	3	5.23
3539	14	5	29.05
1424	14	5	13.54
109	3666	3	21.82
169	243	3	14.25
123	181	10	32.92
452	105	14	78.99
272	124	6	23.22
1044	101	5	16.51
2028	101	8	57.22
110	179	6	8.39
1909	12	3	8.12
136	807	4	26.66
201	382	3	20.99
12	143	151	439.65
154	1921	3	26.63
388	123	3	10.1
956	12	4	7.97
967	102	6	21.99
165	158	12	63.18
149	115	13	23.86
102	2231	3	11.42
4392	14	3	13.04
580	108	3	9.4
3991	101	3	17.01
248	115	4	8.73
102	2412	3	12.39
233	147	4	15.67
971	101	3	6.41
156	442	4	25.49
111	3323	3	22.65
152	120	8	12.09
160	269	3	13.53
12	1329	3	5.87
59	284	3	10.6
3272	107	3	21.42
160	136	4	6.94
173	102	26	47.87
183	374	4	28.53
153	12	23	6.05
291	101	7	8.45
102	3387	3	15.11
2141	103	3	11.8
2429	14	6	29.23
210	200	4	22.99
120	165	7	14.63
1213	14	4	7.61
271	110	7	21.07
446	115	3	9.5
136	554	4	23.33
5278	12	3	19.06
104	639	5	16.83
1699	12	4	12.47
129	521	4	20.81
347	1177	4	47.68
195	451	3	22.12
109	1008	5	27.14
103	2142	3	11.8
166	1973	4	42.92
108	235	4	6.14
105	1173	9	64.44
1818	107	5	34.58
2941	119	4	33.54
2019	119	3	20.34
103	869	3	6.37
144	14	47	21.62
115	270	4	9.76
114	875	6	36.57
1008	14	9	29.69
308	290	6	54.04
171	122	6	12
1302	14	3	4.51
103	616	3	4.33
85	277	3	12.48
57	129	5	3.97
902	14	4	5.37
119	135	8	6.2
140	104	20	17.77
109	1930	4	25.74
145	135	9	20.96
129	138	11	23.44
486	156	6	44.45
977	104	3	9.8
228	14	13	8.05
121	817	3	14.87
833	12	4	6.76
126	226	4	10.48
112	2840	4	31.73
112	433	4	13.86
1636	101	3	9.64
308	14	33	105.33
222	149	6	28.34
342	14	11	13.5
101	216	7	3.96
110	1068	3	13.32
1589	141	5	44.34
179	707	5	44.93
783	102	5	14.04
185	104	15	32.89
145	262	3	10.91
125	2276	3	22.77
312	129	3	9.95
147	119	11	17.83
2954	14	3	9.45
124	206	5	13.06
147	177	4	11.69
297	108	4	8.71
106	1680	3	15.99
227	140	8	39.65
106	1832	4	25.16
1449	115	3	16.81
171	163	8	40.51
57	13	9	23.78
140	123	12	21.35
103	4446	3	17.69
574	102	6	14.75
116	1384	10	90.67
118	851	6	37.46
111	1216	3	14.97
143	136	13	39.57
102	1069	6	22.84
484	109	6	25.12
165	120	4	4.73
2324	102	3	12.39
16	59	58	290.53
2804	119	3	22.58
9	16	11	12.32
102	2358	3	12.39
491	105	6	23.57
1736	14	5	15.75
112	2007	3	18.99
2378	12	3	9.84
361	104	4	7.01
12	267	54	249.25
365	684	5	56.62
132	102	22	3.86
173	219	3	13.86
276	1	3	14.09
296	148	3	12.57
1182	161	6	59.52
3561	14	3	10.93
467	108	7	30.99
261	1102	3	30.96
1438	14	4	8.86
168	2043	5	57.06
109	445	5	18.25
16	2668	3	24.68
683	122	5	27.96
751	14	8	19.22
1256	2	3	18.16
1376	139	3	22.11
59	156	4	6.43
59	113	11	10.78
348	123	6	26.3
736	217	4	37.73
12	1131	11	52.85
103	561	4	7.04
425	186	3	20.78
170	103	29	58.79
152	147	4	6.8
704	108	3	10.71
3654	14	3	10.93
148	231	3	10.41
105	1094	3	12.75
1877	102	6	32.18
134	120	8	7.39
135	951	3	19.21
682	14	15	54.64
162	106	6	4.8
3231	101	4	23.66
109	5916	3	28.51
106	402	8	33.84
107	808	3	11.23
102	1611	4	15.84
160	417	4	25.25
16	2	35	105.54
112	697	5	24.89
152	500	3	16.94
102	918	6	21.21
230	143	3	9.57
101	5508	3	21.46
121	3855	3	27.11
102	2137	3	11.42
736	365	4	43.98
1571	12	3	6.85
1496	3439	3	51.93
2936	217	6	88.55
115	551	4	16.5
2	2326	3	22.59
5702	14	3	17.43
1808	101	3	10.34
1203	14	5	11.82
304	146	5	25.43
119	105	20	8.03
3129	108	3	21.74
129	14	55	12.92
101	439	7	14.84
496	12	6	8.53
107	111	69	136.52
124	160	5	6.52
112	1291	4	23.42
133	298	3	10.64
102	1359	3	8.73
2506	107	4	27.99
1471	102	3	9.28
12	930	3	4.12
4458	14	3	13.04
151	940	3	21.02
105	522	3	8.03
273	14	10	6.35
110	903	4	18.76
104	792	6	25.78
1940	14	3	6.65
130	387	3	12.14
117	1947	3	19.21
155	146	12	47.55
2600	520	3	43.13
108	3141	3	21.74
152	751	6	48.9
164	118	5	6.43
102	246	18	43.89
253	109	6	15.16
116	4156	3	25.93
12	1743	3	7.44
194	138	12	62.69
109	1130	4	20.81
111	598	3	10.66
462	12	6	7.7
928	14	9	28.36
12	531	19	76.97
103	1267	5	19.98
229	117	5	12.55
102	2017	3	11.42
957	14	7	18.76
985	122	4	23.8
131	182	3	5.37
104	1379	5	25.95
4361	12	3	14.65
208	104	6	6.24
220	126	5	14.89
552	102	7	18.9
117	1297	3	16.67
115	993	3	14.53
16	119	14	15.28
2584	115	5	41.97
2929	14	3	9.45
101	1643	3	9.64
102	915	6	21.21
431	103	4	5.17
143	117	12	18.64
212	14	13	6.13
102	855	4	9.83
162	105	6	4.1
103	1590	3	9.65
12	177	17	11.05
134	217	5	18.41
110	314	3	5.37
150	1616	3	24.81
134	293	3	10.7
102	5580	3	21.73
2011	109	4	27
154	114	6	5.37
1435	104	3	12
103	2032	3	11.8
365	6339	3	48.85
105	197	8	16.12
2872	14	3	9.45
12	2579	5	23.57
2467	14	3	8.32
130	197	3	6.47
119	106	21	11.68
101	1211	4	12.42
57	12	56	45.19
274	132	7	34.53
510	109	4	13.91
8	59	10	14.61
103	749	4	9.56
207	120	4	8.13
177	419	4	29.25
112	519	15	102.43
127	132	7	6.72
343	128	4	16.24
159	401	3	16.86
3013	278	4	54.45
132	1723	3	22.36
409	117	6	26.91
1460	14	7	24.94
2609	137	3	27.07
103	2173	4	18.63
138	966	3	19.7
122	243	4	10.13
199	8	3	5.05
1345	12	3	6.33
124	547	3	12.62
116	35	5	18.56
184	1006	3	26.36
912	12	3	4.12
369	123	3	9.62
423	109	6	23.51
224	120	4	9.25
245	114	3	4.79
1436	119	3	17.47
120	181	4	6.33
5963	14	3	17.43
1213	115	3	15.78
124	459	3	11.6
107	509	8	38.39
101	121	38	7.08
3596	14	3	10.93
2546	14	4	14.02
123	4306	3	27.36
101	231	15	27.86
115	254	8	28.69
115	202	4	6.48
811	14	4	4.7
144	115	40	145.81
112	420	6	25.39
236	124	7	25.87
4377	14	3	13.04
192	103	8	4.66
4039	107	4	37.49
1399	645	3	39.22
111	1524	4	24.82
108	219	4	5.58
119	205	3	4.06
1095	12	3	5.07
249	141	3	9.94
140	120	11	17.21
304	107	4	8.46
118	854	18	172.43
655	645	5	62.81
115	454	6	27.66
85	313	3	13.41
103	600	3	4.33
103	734	9	36.34
302	57	3	10.99
274	121	22	142.01
1535	14	3	5.44
147	174	4	11.27
228	115	4	7.92
241	121	14	69.04
524	117	3	10.86
101	429	5	7.4
122	391	3	9.92
954	107	4	19.18
145	205	5	18.98
544	109	11	63.79
4339	116	3	25.93
105	284	5	11.05
121	334	3	8.56
1548	12	3	6.85
517	244	3	24.85
12	130	37	6.33
12	192	15	11.21
105	727	12	78.52
660	2	4	20.71
117	443	8	42.43
149	14	48	32.25
102	2291	3	12.39
156	149	3	4.92
812	141	4	27.21
114	111	46	83.69
112	620	6	30.72
165	217	4	19.71
206	118	5	10.99
117	5755	3	30.6
2539	634	4	60.89
2108	110	4	27.03
248	14	14	12.33
220	137	5	19.23
427	215	3	22.6
109	440	13	73.66
613	103	4	7.76
723	16	3	15.32
416	144	3	14.6
1330	14	5	12.63
622	101	3	3.98
117	329	15	86.79
135	616	4	23.81
238	105	4	5.32
104	199	72	436.86
121	376	4	15.06
102	2102	3	11.42
121	584	3	12.38
257	111	4	8.34
103	1320	5	19.98
12	444	6	7.45
102	2374	4	19.58
112	2525	4	29.82
123	1443	3	18.45
176	300	3	17.11
112	742	6	32.86
252	123	3	6.71
459	102	7	16.09
165	162	8	38.58
588	132	4	22.94
101	916	6	20.68
1511	107	3	15.37
113	1273	3	15.85
256	625	3	26.92
775	124	3	14.92
1867	14	3	6.65
1518	101	5	20.94
110	172	5	4.59
491	121	4	17.58
272	117	3	6.22
238	216	3	17.55
128	117	13	13.62
485	215	3	23.41
790	101	3	5.25
3529	12	4	20.5
1362	107	7	49.42
1247	104	3	11.48
676	102	3	4.58
103	1193	3	8.14
170	130	4	7.71
152	123	5	4.39
406	107	3	7.1
187	111	4	4.48
1068	14	6	14.82
106	2071	6	47.2
1692	14	7	28.79
645	14	6	8.62
868	245	5	53.41
102	331	14	39.23
119	530	3	11.11
108	102	108	86.44
111	59	9	5.66
120	112	31	50.39
342	115	5	17.29
147	103	30	29.02
107	268	6	15.41
731	14	8	18.45
461	126	3	11.9
633	352	13	174.93
556	116	4	17.06
129	332	4	16.12
315	367	3	24.76
2196	12	4	14.67
735	109	4	17.1
504	104	3	5.71
135	1101	4	29.3
105	1501	3	14.79
1449	14	3	4.95
398	14	15	33.26
6	2654	3	43.52
181	161	13	80.94
1070	107	3	12.92
159	196	4	16.31
103	629	4	8.03
103	696	5	13.29
171	330	3	17.15
630	116	4	18.2
116	3779	3	25.93
107	169	6	6.15
333	102	6	7.71
154	307	4	20.81
141	476	4	22.62
455	111	5	19.83
256	284	5	40.24
111	368	3	7.36
129	225	4	11.79
346	119	3	8.18
329	493	4	38.99
1422	4046	3	53.55
290	238	3	20.24
290	112	3	5.79
1412	14	3	4.95
3213	2105	3	54.23
158	106	10	12.58
3386	106	3	21.38
1324	115	10	86.68
109	1687	3	16.42
316	103	9	17.47
534	14	5	4.35
163	191	4	17.16
102	1494	3	9.28
121	912	3	15.54
133	230	5	18.91
1269	107	4	21.61
250	143	33	282.03
465	135	3	14.34
107	1230	3	13.77
493	569	5	58.05
264	125	3	7.55
1727	1028	3	43.89
103	1035	4	12.13
103	1087	3	7.73
289	132	7	35.72
115	114	30	40.31
115	180	12	37.52
926	103	3	6.67
112	2691	4	31.73
123	1864	3	20.45
108	313	3	5.28
287	103	10	19.16
168	1502	5	52.49
175	197	4	19.86
979	2226	3	45.12
109	1002	6	35.15
160	117	5	4.52
761	101	5	13.14
123	6120	3	31.85
102	781	5	13.56
128	1598	3	21.34
795	125	8	58.37
131	111	20	30.55
220	164	3	12.95
1599	12	3	7.44
109	1179	6	38.06
104	305	17	69.19
1580	102	3	9.28
111	793	10	68.98
214	2136	4	47.65
103	1134	3	7.73
148	105	39	118.46
121	554	3	12.18
106	387	5	15.93
12	159	87	231.23
1937	14	3	6.65
134	162	13	53.06
117	485	3	10.35
135	967	6	47.96
191	327	4	27.67
156	176	4	13.95
156	118	8	12.84
314	123	6	24.47
2832	107	3	19.86
778	12	4	6.09
9	164	4	5.38
102	866	9	38.28
112	817	8	51.95
133	1627	3	22.58
