5525	1
1120	2
8547	3
2410	4
6774	5
3076	6
6424	7
8649	8
6037	9
5128	10
888	11
7617	12
950	13
2347	14
304	15
1683	16
8546	17
2887	18
833	19
2628	20
9868	21
6127	22
9170	23
2768	24
6715	25
6692	26
72	27
6760	28
8976	29
1162	30
5780	31
6472	32
5721	33
7767	34
5681	35
6015	36
5944	37
90	38
6303	39
2586	40
2592	41
6135	42
5928	43
9061	44
6023	45
3578	46
1326	47
8484	48
44	49
3155	50
8325	51
3054	52
3772	53
784	54
6363	55
2610	56
8159	57
3800	58
49	59
1867	60
2164	61
2363	62
4996	63
5326	64
6257	65
1112	66
3871	67
4978	68
4335	69
7078	70
7628	71
4063	72
6536	73
2520	74
1307	75
4085	76
5030	77
1849	78
7396	79
1930	80
9386	81
6796	82
4590	83
6843	84
7938	85
7340	86
9668	87
9120	88
5873	89
8089	90
5267	91
1670	92
4362	93
2510	94
9908	95
1294	96
4435	97
1134	98
6378	99
4551	100
2663	101
6786	102
8201	103
8526	104
2100	105
4468	106
6277	107
9752	108
2220	109
3915	110
5777	111
741	112
7704	113
7043	114
6000	115
2261	116
1034	117
671	118
115	119
8882	120
4105	121
9367	122
9380	123
937	124
9271	125
9245	126
1933	127
7466	128
5992	129
6666	130
3920	131
368	132
4363	133
4418	134
5033	135
2407	136
5653	137
9844	138
1941	139
4164	140
5153	141
7182	142
5263	143
9174	144
1559	145
1324	146
802	147
5332	148
1367	149
241	150
2242	151
3052	152
3621	153
7354	154
4952	155
1314	156
2709	157
1892	158
1731	159
1697	160
9348	161
1395	162
6681	163
5602	164
68	165
5108	166
211	167
2228	168
611	169
981	170
4160	171
2459	172
3219	173
1517	174
3897	175
1189	176
5660	177
1418	178
6912	179
3992	180
6029	181
5908	182
1723	183
9667	184
9869	185
5236	186
4941	187
2844	188
6493	189
8747	190
4516	191
6583	192
7179	193
6265	194
8789	195
9512	196
7857	197
1932	198
6811	199
7061	200
9861	201
17	202
7091	203
2529	204
1740	205
3365	206
9374	207
1703	208
8869	209
9543	210
537	211
43	212
5903	213
2334	214
3280	215
29	216
7677	217
3651	218
5387	219
3827	220
9805	221
9053	222
899	223
2230	224
5488	225
3176	226
3726	227
4761	228
9310	229
5386	230
3852	231
3795	232
3896	233
2309	234
656	235
6043	236
2544	237
6339	238
4789	239
3440	240
4412	241
4271	242
1219	243
2993	244
6518	245
5405	246
3418	247
8962	248
7499	249
538	250
4228	251
7907	252
5963	253
5155	254
7541	255
7471	256
1727	257
9902	258
3630	259
6785	260
1903	261
6365	262
1692	263
377	264
6146	265
60	266
8831	267
438	268
4248	269
4100	270
5763	271
8518	272
9661	273
6684	274
4914	275
6087	276
681	277
9377	278
2641	279
3037	280
2474	281
8145	282
5961	283
1501	284
1464	285
292	286
4659	287
3038	288
1832	289
6570	290
1284	291
9551	292
5002	293
254	294
8116	295
1936	296
9858	297
9114	298
116	299
2252	300
1310	301
303	302
2700	303
6340	304
4835	305
5548	306
9049	307
1888	308
5848	309
5995	310
5446	311
4379	312
6086	313
8249	314
8107	315
9857	316
281	317
6952	318
4086	319
6427	320
8939	321
6764	322
6946	323
6501	324
9210	325
2246	326
2354	327
3647	328
5798	329
4945	330
7377	331
1200	332
849	333
2781	334
2182	335
2648	336
6423	337
1666	338
1776	339
132	340
6716	341
5413	342
6469	343
2311	344
3347	345
6928	346
5862	347
6688	348
6311	349
1243	350
891	351
3618	352
8166	353
43	354
8333	355
247	356
613	357
9850	358
693	359
8154	360
2050	361
8783	362
6194	363
983	364
3657	365
9268	366
5381	367
27	368
189	369
8975	370
3380	371
2453	372
5822	373
6039	374
9234	375
5449	376
4717	377
9213	378
716	379
9921	380
413	381
2360	382
9915	383
8527	384
3874	385
577	386
8905	387
1924	388
167	389
3094	390
6131	391
2264	392
9660	393
4042	394
1898	395
4731	396
933	397
889	398
4884	399
5912	400
3341	401
1572	402
8611	403
2817	404
7936	405
7731	406
1496	407
2562	408
5082	409
401	410
3936	411
6421	412
3719	413
6888	414
3823	415
6941	416
3626	417
5801	418
5803	419
5688	420
6816	421
8185	422
3281	423
7344	424
4231	425
410	426
3942	427
5557	428
8254	429
1125	430
4822	431
2207	432
1787	433
8362	434
1638	435
1576	436
2303	437
9337	438
4742	439
7048	440
831	441
2247	442
6496	443
8640	444
3044	445
1847	446
3612	447
5442	448
4772	449
7383	450
131	451
9189	452
3394	453
7737	454
3525	455
9417	456
8415	457
2117	458
2569	459
7701	460
7784	461
7301	462
6253	463
4	464
1836	465
4977	466
2132	467
9859	468
5487	469
4021	470
6933	471
3817	472
3513	473
649	474
2795	475
6179	476
1449	477
9108	478
5820	479
1157	480
4283	481
5048	482
6003	483
3994	484
3995	485
6686	486
7262	487
2389	488
593	489
8707	490
5582	491
3918	492
4891	493
9876	494
6234	495
3417	496
471	497
6335	498
8469	499
5969	500
3350	501
4032	502
8389	503
5328	504
3297	505
8064	506
4964	507
5939	508
7445	509
3191	510
1803	511
8483	512
9887	513
724	514
4350	515
4039	516
2522	517
5482	518
5280	519
2896	520
8009	521
5547	522
2289	523
4729	524
9215	525
4494	526
6242	527
256	528
4159	529
7094	530
8200	531
2084	532
2587	533
8749	534
9007	535
1765	536
2813	537
5008	538
263	539
7339	540
7626	541
1492	542
7517	543
7219	544
9314	545
761	546
9373	547
1550	548
8460	549
5649	550
6174	551
6851	552
4466	553
3658	554
7748	555
9125	556
2850	557
2413	558
240	559
8304	560
4611	561
1106	562
7887	563
9024	564
4507	565
4321	566
9700	567
6745	568
5977	569
1783	570
8618	571
8264	572
4318	573
8188	574
3484	575
4166	576
5337	577
7152	578
8892	579
7074	580
5436	581
5663	582
4933	583
6883	584
2444	585
3531	586
7870	587
1154	588
3652	589
1239	590
4966	591
1850	592
8075	593
4295	594
8038	595
2037	596
9583	597
8152	598
9422	599
3587	600
2827	601
2463	602
2899	603
4657	604
4544	605
850	606
3947	607
9614	608
7732	609
7050	610
5863	611
3190	612
7023	613
4749	614
8285	615
7232	616
411	617
2596	618
6211	619
4595	620
9302	621
6619	622
8511	623
2446	624
8559	625
5579	626
7132	627
7419	628
3400	629
5865	630
5130	631
825	632
5374	633
3073	634
9585	635
1427	636
2744	637
2142	638
4559	639
2919	640
6547	641
7951	642
7276	643
6999	644
2140	645
3597	646
711	647
1834	648
1848	649
7853	650
7523	651
5786	652
9020	653
5221	654
7295	655
3712	656
5518	657
686	658
8000	659
6245	660
3751	661
3464	662
5276	663
370	664
4097	665
587	666
1775	667
2936	668
2811	669
3301	670
8132	671
5479	672
6392	673
7703	674
1487	675
7658	676
7248	677
7996	678
2796	679
9874	680
1123	681
188	682
7427	683
2985	684
7095	685
8979	686
7513	687
1269	688
8880	689
797	690
7201	691
393	692
9778	693
9269	694
1520	695
5347	696
7680	697
5537	698
7965	699
2369	700
3790	701
7171	702
8769	703
8832	704
6840	705
8904	706
2881	707
2305	708
7246	709
977	710
2426	711
923	712
5559	713
2174	714
6798	715
4206	716
3824	717
7002	718
8030	719
5881	720
4175	721
2113	722
2871	723
3740	724
8181	725
9159	726
6343	727
870	728
3237	729
209	730
8720	731
5994	732
9016	733
6834	734
180	735
788	736
6870	737
3676	738
8151	739
5272	740
8037	741
4149	742
8576	743
8033	744
2682	745
683	746
4487	747
9274	748
150	749
3114	750
2491	751
2536	752
6318	753
9025	754
1153	755
5920	756
6188	757
444	758
5647	759
3776	760
130	761
1721	762
1705	763
6100	764
1278	765
4658	766
6671	767
9470	768
14	769
2783	770
7188	771
7046	772
6449	773
498	774
6376	775
7369	776
9117	777
3929	778
1536	779
176	780
9197	781
8429	782
6227	783
2451	784
6490	785
2497	786
5373	787
5615	788
7333	789
3881	790
4245	791
2387	792
1992	793
3777	794
2187	795
453	796
7085	797
5516	798
6804	799
5872	800
1874	801
6168	802
2718	803
8885	804
6726	805
7785	806
7039	807
3502	808
7387	809
4504	810
9013	811
7991	812
8363	813
6974	814
1333	815
5601	816
7500	817
1700	818
1177	819
335	820
900	821
7613	822
736	823
3713	824
3361	825
8552	826
6773	827
9689	828
9250	829
2273	830
5237	831
3526	832
5736	833
9276	834
5380	835
4036	836
6456	837
2238	838
5824	839
3537	840
4769	841
4279	842
5924	843
3435	844
3558	845
8744	846
7147	847
6819	848
174	849
3610	850
3324	851
7199	852
1606	853
6442	854
3914	855
9413	856
7715	857
8440	858
4417	859
8183	860
9814	861
7281	862
4628	863
7842	864
5222	865
6114	866
3530	867
1967	868
7440	869
2703	870
2729	871
597	872
1944	873
1078	874
7278	875
4178	876
2708	877
8485	878
4543	879
5594	880
5530	881
5103	882
2983	883
5079	884
2726	885
5555	886
7049	887
326	888
7828	889
1042	890
6853	891
5063	892
7970	893
2109	894
3353	895
9647	896
9375	897
4030	898
1379	899
486	900
8613	901
8788	902
2045	903
3017	904
7762	905
4190	906
2695	907
2671	908
5825	909
2530	910
3644	911
6317	912
9458	913
2447	914
8903	915
4416	916
3067	917
7181	918
9129	919
7313	920
2882	921
2972	922
3697	923
3714	924
5390	925
9890	926
2189	927
1861	928
8938	929
9473	930
1926	931
2857	932
6348	933
6091	934
141	935
9523	936
6136	937
939	938
8890	939
5454	940
2002	941
6604	942
9618	943
6572	944
5119	945
8374	946
917	947
3068	948
2344	949
8659	950
3079	951
1989	952
1784	953
5081	954
163	955
7535	956
6299	957
4354	958
6642	959
3839	960
3971	961
1206	962
8100	963
4267	964
3548	965
9368	966
7305	967
1322	968
7771	969
7943	970
8266	971
3304	972
8729	973
2462	974
8121	975
392	976
6714	977
7997	978
3653	979
9848	980
8927	981
3945	982
97	983
2203	984
2814	985
8111	986
2988	987
1627	988
3320	989
9728	990
1060	991
4285	992
2862	993
1321	994
520	995
5761	996
2292	997
4642	998
2452	999
920	1000
2072	1001
4532	1002
2277	1003
8585	1004
7062	1005
2253	1006
1857	1007
8216	1008
5833	1009
932	1010
1327	1011
2545	1012
4942	1013
9836	1014
6420	1015
6605	1016
1704	1017
4599	1018
2738	1019
5443	1020
2433	1021
6964	1022
4082	1023
3179	1024
3703	1025
3873	1026
6982	1027
3030	1028
1290	1029
3524	1030
4368	1031
3681	1032
8169	1033
4483	1034
4400	1035
1195	1036
6983	1037
3737	1038
3042	1039
4169	1040
2457	1041
3879	1042
2550	1043
6219	1044
2563	1045
6646	1046
4593	1047
960	1048
4832	1049
5167	1050
8136	1051
770	1052
9209	1053
1277	1054
1242	1055
8731	1056
8672	1057
3638	1058
4513	1059
3911	1060
8184	1061
9046	1062
8970	1063
1508	1064
847	1065
3573	1066
6450	1067
6641	1068
8155	1069
4765	1070
4639	1071
2558	1072
1540	1073
997	1074
5664	1075
7092	1076
6533	1077
9450	1078
8024	1079
6820	1080
2818	1081
1502	1082
2254	1083
8670	1084
2888	1085
1891	1086
7405	1087
4293	1088
3335	1089
3463	1090
5739	1091
7483	1092
3983	1093
9465	1094
9888	1095
7545	1096
1687	1097
6980	1098
5289	1099
6461	1100
9764	1101
328	1102
3620	1103
1955	1104
222	1105
7235	1106
5351	1107
2224	1108
7284	1109
786	1110
7981	1111
6283	1112
8641	1113
2581	1114
8500	1115
4340	1116
1437	1117
9317	1118
2391	1119
265	1120
6994	1121
6703	1122
5849	1123
2	1124
7310	1125
6560	1126
1292	1127
1218	1128
345	1129
6775	1130
9379	1131
6743	1132
1509	1133
175	1134
2836	1135
1708	1136
9095	1137
777	1138
8983	1139
3624	1140
7791	1141
8867	1142
6171	1143
2657	1144
48	1145
8321	1146
6500	1147
930	1148
4810	1149
4522	1150
6395	1151
1443	1152
1764	1153
7952	1154
9399	1155
5453	1156
5779	1157
7287	1158
6094	1159
9273	1160
300	1161
9295	1162
7265	1163
6130	1164
1386	1165
4604	1166
3118	1167
4615	1168
4328	1169
9726	1170
965	1171
8247	1172
5793	1173
7674	1174
2897	1175
4917	1176
3878	1177
5110	1178
9041	1179
7008	1180
7511	1181
6737	1182
4209	1183
3438	1184
7187	1185
6589	1186
935	1187
7798	1188
1371	1189
487	1190
1570	1191
1568	1192
4929	1193
2742	1194
87	1195
518	1196
7437	1197
2750	1198
218	1199
6331	1200
5124	1201
7166	1202
8012	1203
6824	1204
1014	1205
9603	1206
5913	1207
7752	1208
3806	1209
6486	1210
4991	1211
2281	1212
8114	1213
8482	1214
5299	1215
639	1216
469	1217
8849	1218
8055	1219
839	1220
8301	1221
7088	1222
4858	1223
1555	1224
875	1225
9716	1226
3364	1227
9649	1228
2196	1229
7236	1230
5962	1231
7280	1232
5509	1233
9787	1234
5890	1235
1521	1236
1516	1237
6965	1238
7939	1239
6578	1240
535	1241
9076	1242
6041	1243
4973	1244
3590	1245
7277	1246
2420	1247
2141	1248
1187	1249
7456	1250
2970	1251
4296	1252
9735	1253
4011	1254
8610	1255
1228	1256
1114	1257
2615	1258
2154	1259
8146	1260
5512	1261
2198	1262
5874	1263
1478	1264
1598	1265
3296	1266
2468	1267
3455	1268
9698	1269
3604	1270
3085	1271
1675	1272
3199	1273
8600	1274
2058	1275
7229	1276
5192	1277
9637	1278
8373	1279
1594	1280
2492	1281
4117	1282
1958	1283
9395	1284
6004	1285
719	1286
7238	1287
9445	1288
9350	1289
9288	1290
2026	1291
877	1292
4830	1293
5164	1294
5165	1295
2898	1296
2088	1297
692	1298
20	1299
8697	1300
4420	1301
9329	1302
4718	1303
956	1304
3498	1305
2734	1306
2397	1307
4338	1308
2343	1309
4312	1310
4851	1311
5522	1312
2271	1313
4785	1314
2828	1315
1661	1316
1529	1317
6429	1318
3389	1319
8065	1320
2999	1321
8696	1322
1194	1323
275	1324
2885	1325
9229	1326
2364	1327
3180	1328
6674	1329
9192	1330
5137	1331
8910	1332
4191	1333
2028	1334
6371	1335
9855	1336
4262	1337
6186	1338
6552	1339
3220	1340
1766	1341
6978	1342
8780	1343
7558	1344
4108	1345
5771	1346
8031	1347
6932	1348
5524	1349
8988	1350
701	1351
2388	1352
5700	1353
1614	1354
8283	1355
7330	1356
5566	1357
574	1358
201	1359
6419	1360
7754	1361
1841	1362
109	1363
9442	1364
1915	1365
9249	1366
332	1367
9594	1368
6320	1369
4709	1370
9713	1371
5650	1372
276	1373
9028	1374
8238	1375
2019	1376
4759	1377
6712	1378
212	1379
4949	1380
1996	1381
2004	1382
3164	1383
380	1384
6635	1385
516	1386
3385	1387
8512	1388
7063	1389
7081	1390
9047	1391
8945	1392
1411	1393
321	1394
2973	1395
7725	1396
4549	1397
4528	1398
8680	1399
2267	1400
4730	1401
7379	1402
2995	1403
473	1404
6451	1405
1618	1406
9839	1407
1525	1408
5190	1409
8884	1410
5433	1411
4882	1412
6707	1413
3685	1414
4775	1415
2706	1416
5084	1417
3801	1418
7117	1419
5970	1420
6009	1421
2812	1422
7438	1423
1762	1424
5007	1425
8477	1426
8757	1427
21	1428
2588	1429
356	1430
6876	1431
8595	1432
4440	1433
7006	1434
7946	1435
534	1436
9920	1437
1315	1438
7666	1439
6036	1440
9581	1441
3147	1442
5046	1443
7573	1444
5346	1445
7090	1446
5364	1447
7104	1448
2853	1449
439	1450
6141	1451
2442	1452
3727	1453
7993	1454
524	1455
2723	1456
7551	1457
876	1458
9321	1459
2757	1460
1262	1461
1391	1462
6373	1463
6187	1464
3344	1465
7312	1466
1743	1467
6060	1468
7220	1469
1562	1470
2120	1471
5476	1472
1341	1473
5054	1474
7822	1475
4330	1476
9323	1477
8398	1478
552	1479
4076	1480
4229	1481
5101	1482
6742	1483
4273	1484
7490	1485
7114	1486
2823	1487
5608	1488
2229	1489
1876	1490
952	1491
6241	1492
3098	1493
5136	1494
3481	1495
3032	1496
8654	1497
2629	1498
190	1499
9827	1500
7690	1501
2500	1502
3391	1503
9455	1504
1146	1505
1246	1506
2602	1507
8982	1508
3834	1509
5229	1510
3904	1511
9370	1512
273	1513
2925	1514
3646	1515
6089	1516
4052	1517
8852	1518
1774	1519
8276	1520
728	1521
5409	1522
3775	1523
7884	1524
4298	1525
312	1526
8003	1527
2843	1528
3013	1529
6918	1530
8782	1531
6768	1532
7421	1533
9584	1534
8779	1535
8622	1536
4091	1537
758	1538
2981	1539
1016	1540
1005	1541
5302	1542
347	1543
3115	1544
7178	1545
7976	1546
3393	1547
1518	1548
7629	1549
4501	1550
8710	1551
609	1552
3767	1553
14	1554
9160	1555
1641	1556
3058	1557
3560	1558
6828	1559
3541	1560
9068	1561
3598	1562
1308	1563
9142	1564
1083	1565
2943	1566
9676	1567
405	1568
3437	1569
6662	1570
5203	1571
7515	1572
3045	1573
4452	1574
496	1575
9909	1576
3375	1577
9898	1578
1681	1579
7070	1580
3532	1581
9315	1582
9079	1583
5480	1584
3501	1585
8763	1586
9075	1587
1499	1588
9721	1589
5457	1590
4333	1591
5274	1592
2302	1593
7714	1594
9641	1595
3439	1596
7747	1597
562	1598
4358	1599
8139	1600
7388	1601
8563	1602
8579	1603
5709	1604
5090	1605
1573	1606
8765	1607
8099	1608
1025	1609
4367	1610
9799	1611
2316	1612
3780	1613
2794	1614
136	1615
3109	1616
5658	1617
3135	1618
2188	1619
1949	1620
1149	1621
5765	1622
5287	1623
2799	1624
1864	1625
3762	1626
7623	1627
2584	1628
8771	1629
9853	1630
7446	1631
6408	1632
959	1633
7729	1634
1330	1635
519	1636
836	1637
2917	1638
3415	1639
8794	1640
7495	1641
3997	1642
7529	1643
331	1644
31	1645
5510	1646
4148	1647
9204	1648
2089	1649
4038	1650
680	1651
3625	1652
8902	1653
46	1654
9626	1655
9187	1656
9653	1657
9478	1658
958	1659
5112	1660
9722	1661
7155	1662
8122	1663
9539	1664
9830	1665
7664	1666
381	1667
7793	1668
5905	1669
7897	1670
1578	1671
9664	1672
8046	1673
4161	1674
2015	1675
5568	1676
4755	1677
8781	1678
6161	1679
1026	1680
197	1681
7831	1682
5254	1683
3671	1684
8741	1685
3423	1686
3307	1687
3001	1688
6115	1689
1491	1690
4950	1691
1355	1692
7827	1693
883	1694
1107	1695
2137	1696
3527	1697
5243	1698
7167	1699
7204	1700
2903	1701
4856	1702
6306	1703
4355	1704
9267	1705
1833	1706
6262	1707
8756	1708
3319	1709
7528	1710
5682	1711
9362	1712
7138	1713
2597	1714
530	1715
24	1716
2061	1717
2955	1718
1882	1719
7266	1720
7317	1721
4126	1722
8295	1723
7848	1724
5823	1725
7360	1726
8874	1727
5499	1728
6433	1729
6751	1730
4677	1731
1792	1732
673	1733
1656	1734
6479	1735
269	1736
4688	1737
8735	1738
6013	1739
9744	1740
6492	1741
5210	1742
6719	1743
6259	1744
8492	1745
3345	1746
9701	1747
6772	1748
4498	1749
3892	1750
9232	1751
2767	1752
7594	1753
612	1754
7612	1755
5586	1756
8521	1757
6356	1758
1445	1759
7170	1760
2486	1761
8017	1762
8177	1763
8544	1764
2107	1765
966	1766
1037	1767
5675	1768
50	1769
8509	1770
1755	1771
4898	1772
6357	1773
5804	1774
5370	1775
2901	1776
7158	1777
5806	1778
6181	1779
1436	1780
7196	1781
1497	1782
867	1783
7452	1784
6939	1785
3728	1786
668	1787
6777	1788
9773	1789
3586	1790
7177	1791
6046	1792
7031	1793
5111	1794
4135	1795
2595	1796
4324	1797
3088	1798
4077	1799
3163	1800
9388	1801
9344	1802
1085	1803
8315	1804
3188	1805
1474	1806
1797	1807
2110	1808
1654	1809
9199	1810
7472	1811
5360	1812
2466	1813
3523	1814
8502	1815
2134	1816
2554	1817
3522	1818
8799	1819
4071	1820
5818	1821
9823	1822
3648	1823
869	1824
6855	1825
3071	1826
9031	1827
9103	1828
1730	1829
6981	1830
4728	1831
1422	1832
2298	1833
9360	1834
168	1835
1599	1836
9121	1837
2661	1838
9588	1839
3165	1840
8018	1841
5943	1842
6483	1843
7003	1844
4754	1845
2418	1846
2845	1847
5367	1848
573	1849
5885	1850
6898	1851
4943	1852
1323	1853
3357	1854
1043	1855
48	1856
1373	1857
9766	1858
5050	1859
821	1860
8573	1861
2035	1862
4014	1863
8106	1864
9330	1865
4475	1866
1939	1867
4349	1868
2480	1869
4602	1870
6062	1871
3692	1872
4845	1873
8096	1874
874	1875
9339	1876
350	1877
1410	1878
731	1879
458	1880
6298	1881
4243	1882
7149	1883
8416	1884
2805	1885
7327	1886
3346	1887
9886	1888
6568	1889
4920	1890
5551	1891
1988	1892
7505	1893
5057	1894
9272	1895
1872	1896
1335	1897
7335	1898
4490	1899
7089	1900
1840	1901
6284	1902
9119	1903
3235	1904
7575	1905
5304	1906
9597	1907
9168	1908
9899	1909
9708	1910
4582	1911
3086	1912
8328	1913
9496	1914
2185	1915
1985	1916
3116	1917
3913	1918
5104	1919
9895	1920
6319	1921
1454	1922
6088	1923
8971	1924
4064	1925
7824	1926
4078	1927
7451	1928
1127	1929
8349	1930
7616	1931
161	1932
2030	1933
2705	1934
4484	1935
7375	1936
8355	1937
3300	1938
8316	1939
8701	1940
3295	1941
7044	1942
7409	1943
314	1944
2710	1945
8338	1946
2763	1947
6882	1948
2205	1949
3902	1950
5109	1951
2192	1952
8229	1953
7782	1954
4869	1955
8730	1956
9148	1957
6121	1958
3990	1959
36	1960
1566	1961
1805	1962
9849	1963
2785	1964
9903	1965
3944	1966
6720	1967
9316	1968
2502	1969
8766	1970
5107	1971
8564	1972
588	1973
4508	1974
203	1975
6749	1976
2353	1977
7518	1978
3851	1979
3797	1980
342	1981
2915	1982
5930	1983
1738	1984
5932	1985
178	1986
1659	1987
4107	1988
9469	1989
3368	1990
3339	1991
9034	1992
7209	1993
3189	1994
4827	1995
5975	1996
7845	1997
3095	1998
4905	1999
8873	2000
6252	2001
834	2002
1631	2003
5178	2004
8077	2005
1871	2006
532	2007
2540	2008
6326	2009
8859	2010
3854	2011
7711	2012
7740	2013
7611	2014
7134	2015
9630	2016
8035	2017
6608	2018
7096	2019
8002	2020
2858	2021
9617	2022
1459	2023
6675	2024
336	2025
1070	2026
4534	2027
5794	2028
9418	2029
5194	2030
455	2031
8262	2032
2504	2033
2511	2034
5406	2035
2358	2036
5282	2037
5997	2038
9619	2039
2759	2040
6545	2041
6609	2042
5842	2043
3698	2044
4801	2045
1019	2046
5225	2047
2351	2048
3233	2049
1288	2050
5244	2051
1214	2052
5919	2053
6612	2054
1978	2055
6519	2056
5015	2057
9263	2058
8081	2059
2930	2060
2000	2061
6860	2062
2848	2063
6955	2064
7148	2065
6353	2066
5049	2067
3581	2068
5211	2069
6689	2070
4315	2071
837	2072
3260	2073
6893	2074
3167	2075
6012	2076
6596	2077
1737	2078
4222	2079
9177	2080
3340	2081
1186	2082
7872	2083
8637	2084
3494	2085
8516	2086
5300	2087
2496	2088
8607	2089
7111	2090
2507	2091
8689	2092
5837	2093
762	2094
4223	2095
7736	2096
5515	2097
7874	2098
9605	2099
4930	2100
4842	2101
3384	2102
2180	2103
6073	2104
9794	2105
2579	2106
9069	2107
8915	2108
3822	2109
6872	2110
862	2111
3580	2112
9650	2113
8034	2114
5964	2115
7585	2116
8170	2117
8330	2118
9483	2119
7654	2120
5398	2121
2445	2122
1561	2123
2950	2124
7412	2125
6287	2126
9808	2127
4848	2128
2123	2129
2454	2130
8823	2131
9820	2132
2325	2133
6606	2134
8244	2135
8679	2136
4725	2137
6499	2138
7706	2139
339	2140
598	2141
9106	2142
9453	2143
7544	2144
4867	2145
2114	2146
4938	2147
2538	2148
1458	2149
4806	2150
1173	2151
8071	2152
7027	2153
1017	2154
6462	2155
91	2156
4824	2157
6414	2158
6886	2159
117	2160
2156	2161
9568	2162
57	2163
5177	2164
7136	2165
6205	2166
7904	2167
2236	2168
9670	2169
7131	2170
5677	2171
5699	2172
4837	2173
8919	2174
6231	2175
9926	2176
3528	2177
4880	2178
7864	2179
2179	2180
8524	2181
9435	2182
4533	2183
2456	2184
8634	2185
7525	2186
926	2187
1633	2188
9372	2189
1552	2190
9443	2191
9421	2192
3012	2193
7337	2194
3334	2195
3565	2196
8693	2197
816	2198
419	2199
4629	2200
5077	2201
7189	2202
1385	2203
910	2204
8866	2205
3101	2206
2039	2207
6007	2208
591	2209
378	2210
2370	2211
7768	2212
5917	2213
9541	2214
706	2215
4493	2216
2711	2217
8936	2218
776	2219
9482	2220
5952	2221
2007	2222
2139	2223
6379	2224
4080	2225
9326	2226
1102	2227
1786	2228
7896	2229
4104	2230
9510	2231
6477	2232
9542	2233
6783	2234
1463	2235
602	2236
9292	2237
8311	2238
1283	2239
2748	2240
8724	2241
7378	2242
828	2243
5217	2244
7691	2245
5212	2246
5569	2247
9824	2248
5102	2249
1646	2250
19	2251
3884	2252
4500	2253
2959	2254
702	2255
6422	2256
2572	2257
1859	2258
1319	2259
6926	2260
5942	2261
6685	2262
6945	2263
7588	2264
1061	2265
9226	2266
5339	2267
4965	2268
9240	2269
9812	2270
4847	2271
6652	2272
5491	2273
3303	2274
8232	2275
3660	2276
7808	2277
4389	2278
3316	2279
9780	2280
2958	2281
9851	2282
5609	2283
7710	2284
7568	2285
8786	2286
4109	2287
6765	2288
2227	2289
9223	2290
1366	2291
9471	2292
1739	2293
3928	2294
9093	2295
5296	2296
1010	2297
7895	2298
399	2299
3721	2300
9560	2301
6842	2302
7532	2303
5226	2304
4290	2305
9462	2306
4888	2307
56	2308
1345	2309
2924	2310
7108	2311
9516	2312
8427	2313
6068	2314
3954	2315
8073	2316
3108	2317
6183	2318
2816	2319
5511	2320
9290	2321
54	2322
5242	2323
9186	2324
1560	2325
7477	2326
9739	2327
2038	2328
7156	2329
3829	2330
5546	2331
4065	2332
7554	2333
2664	2334
4001	2335
4757	2336
5039	2337
778	2338
5317	2339
9055	2340
8725	2341
2974	2342
9883	2343
6470	2344
5014	2345
9140	2346
7484	2347
2617	2348
8423	2349
5541	2350
4272	2351
5384	2352
1213	2353
7154	2354
5288	2355
4013	2356
5529	2357
9387	2358
5253	2359
2986	2360
4005	2361
1352	2362
3547	2363
1843	2364
1894	2365
3061	2366
37	2367
6169	2368
5796	2369
1945	2370
1425	2371
3637	2372
6701	2373
1742	2374
3916	2375
6329	2376
2777	2377
2962	2378
9107	2379
8275	2380
2940	2381
2600	2382
5982	2383
1728	2384
4492	2385
5393	2386
6374	2387
7705	2388
1049	2389
2945	2390
5200	2391
5667	2392
3736	2393
2798	2394
9864	2395
431	2396
1768	2397
137	2398
3009	2399
7407	2400
7342	2401
8503	2402
4196	2403
158	2404
4050	2405
7060	2406
9612	2407
9410	2408
4618	2409
6415	2410
3229	2411
2642	2412
6247	2413
8719	2414
8098	2415
8123	2416
5160	2417
7164	2418
4780	2419
7942	2420
6889	2421
6702	2422
4689	2423
3967	2424
2012	2425
4446	2426
664	2427
5828	2428
5095	2429
1260	2430
4304	2431
6487	2432
1079	2433
6058	2434
1400	2435
4157	2436
7988	2437
7261	2438
8972	2439
4203	2440
6440	2441
5494	2442
4069	2443
4960	2444
738	2445
4818	2446
3948	2447
9219	2448
865	2449
9847	2450
5291	2451
3917	2452
3924	2453
4743	2454
6991	2455
1869	2456
8179	2457
8432	2458
4916	2459
3894	2460
1256	2461
990	2462
6624	2463
5894	2464
9498	2465
6769	2466
8591	2467
8688	2468
6695	2469
251	2470
6817	2471
1064	2472
4872	2473
2727	2474
9151	2475
7017	2476
6541	2477
7150	2478
1585	2479
5767	2480
5135	2481
3592	2482
6611	2483
9227	2484
7	2485
6495	2486
8115	2487
61	2488
2638	2489
9509	2490
6463	2491
6280	2492
8150	2493
1625	2494
5637	2495
7264	2496
2699	2497
1183	2498
7052	2499
8441	2500
6002	2501
9695	2502
9416	2503
9632	2504
5958	2505
8474	2506
5044	2507
6700	2508
5176	2509
385	2510
1677	2511
3070	2512
6224	2513
5016	2514
3392	2515
5937	2516
7480	2517
1657	2518
7709	2519
9645	2520
6539	2521
5766	2522
558	2523
9261	2524
3510	2525
1216	2526
4133	2527
4316	2528
3092	2529
1074	2530
4411	2531
5037	2532
5759	2533
911	2534
6838	2535
6868	2536
3411	2537
4176	2538
2956	2539
4476	2540
7475	2541
5567	2542
1815	2543
6891	2544
2320	2545
732	2546
2979	2547
7212	2548
6148	2549
6792	2550
3090	2551
6260	2552
829	2553
563	2554
8011	2555
5886	2556
8308	2557
127	2558
1047	2559
3089	2560
9767	2561
488	2562
6293	2563
4799	2564
4197	2565
906	2566
6873	2567
9783	2568
7125	2569
5220	2570
5785	2571
4959	2572
1686	2573
1238	2574
5680	2575
1207	2576
344	2577
6958	2578
1402	2579
9012	2580
4089	2581
8194	2582
1031	2583
5140	2584
3162	2585
2128	2586
3286	2587
4210	2588
5270	2589
9172	2590
9635	2591
159	2592
8390	2593
6145	2594
1925	2595
5597	2596
5836	2597
2304	2598
8227	2599
192	2600
6682	2601
1918	2602
6512	2603
5855	2604
4819	2605
7055	2606
7397	2607
5485	2608
2131	2609
5301	2610
1791	2611
3988	2612
397	2613
7683	2614
2960	2615
8382	2616
5019	2617
4739	2618
1312	2619
4188	2620
8313	2621
9155	2622
9066	2623
6937	2624
5629	2625
5695	2626
1303	2627
1381	2628
2042	2629
9712	2630
8083	2631
4499	2632
236	2633
4130	2634
7294	2635
3239	2636
8957	2637
2400	2638
1658	2639
7980	2640
1637	2641
9293	2642
8589	2643
4557	2644
9225	2645
8455	2646
3434	2647
8533	2648
4923	2649
472	2650
2555	2651
7275	2652
9860	2653
2333	2654
5915	2655
1741	2656
306	2657
8736	2658
3496	2659
6402	2660
8590	2661
523	2662
9287	2663
6973	2664
1490	2665
6905	2666
2865	2667
2193	2668
9917	2669
8379	2670
5707	2671
1181	2672
490	2673
8772	2674
760	2675
4261	2676
3941	2677
568	2678
363	2679
3930	2680
8345	2681
3222	2682
447	2683
844	2684
1485	2685
3142	2686
9575	2687
8754	2688
1003	2689
9871	2690
5921	2691
1986	2692
6475	2693
290	2694
1964	2695
4715	2696
3080	2697
6288	2698
6124	2699
8847	2700
8406	2701
6396	2702
2105	2703
242	2704
5731	2705
4889	2706
6268	2707
1334	2708
3474	2709
9819	2710
1255	2711
1835	2712
4471	2713
812	2714
1514	2715
708	2716
6813	2717
553	2718
2532	2719
7696	2720
63	2721
272	2722
8092	2723
8195	2724
3784	2725
6506	2726
6482	2727
5617	2728
2345	2729
3326	2730
4770	2731
2911	2732
6997	2733
9311	2734
6543	2735
7185	2736
1009	2737
291	2738
1691	2739
6192	2740
3832	2741
4438	2742
8056	2743
6582	2744
6405	2745
5967	2746
1338	2747
5366	2748
6019	2749
5787	2750
3668	2751
3677	2752
6397	2753
1667	2754
5523	2755
2733	2756
7019	2757
2101	2758
1152	2759
1664	2760
5385	2761
7127	2762
2438	2763
7285	2764
9429	2765
6346	2766
2250	2767
1613	2768
1252	2769
5527	2770
8354	2771
1893	2772
5610	2773
7903	2774
4167	2775
4217	2776
2022	2777
9147	2778
4281	2779
4415	2780
8383	2781
5735	2782
3043	2783
6279	2784
4511	2785
4660	2786
4365	2787
1736	2788
8463	2789
7906	2790
5306	2791
2698	2792
5728	2793
7431	2794
6923	2795
3563	2796
9733	2797
7953	2798
3153	2799
1166	2800
878	2801
217	2802
8090	2803
5859	2804
3672	2805
5846	2806
1168	2807
1648	2808
8436	2809
1032	2810
4377	2811
7837	2812
7821	2813
2029	2814
6248	2815
8480	2816
3617	2817
8606	2818
6213	2819
2380	2820
4137	2821
4431	2822
7983	2823
5133	2824
3855	2825
8588	2826
5348	2827
7919	2828
5473	2829
3277	2830
6430	2831
182	2832
4429	2833
5807	2834
8812	2835
5497	2836
6228	2837
1693	2838
675	2839
2094	2840
6885	2841
3367	2842
6480	2843
2503	2844
4242	2845
7548	2846
1174	2847
6155	2848
1922	2849
6569	2850
704	2851
4675	2852
9042	2853
366	2854
6857	2855
4576	2856
6327	2857
6650	2858
7389	2859
3472	2860
1022	2861
7783	2862
8908	2863
1817	2864
1820	2865
7686	2866
2308	2867
9180	2868
2971	2869
264	2870
7425	2871
1612	2872
4084	2873
34	2874
8246	2875
8553	2876
6380	2877
6862	2878
4547	2879
6581	2880
6157	2881
6050	2882
2149	2883
6507	2884
9231	2885
5505	2886
8314	2887
7038	2888
4361	2889
3428	2890
8535	2891
4781	2892
4918	2893
8353	2894
4721	2895
7536	2896
3152	2897
6892	2898
521	2899
5106	2900
5577	2901
3893	2902
733	2903
4535	2904
5089	2905
9097	2906
9772	2907
5264	2908
2825	2909
7763	2910
1852	2911
4768	2912
1056	2913
274	2914
5860	2915
3458	2916
7492	2917
1289	2918
7833	2919
9352	2920
9062	2921
3593	2922
1942	2923
6856	2924
6867	2925
5706	2926
4461	2927
7823	2928
4904	2929
4944	2930
4314	2931
7595	2932
3663	2933
6201	2934
9150	2935
7103	2936
7057	2937
1389	2938
6516	2939
3730	2940
6998	2941
9746	2942
852	2943
8505	2944
8687	2945
4381	2946
3333	2947
7702	2948
3325	2949
2384	2950
1650	2951
9669	2952
9831	2953
8273	2954
8051	2955
4445	2956
7959	2957
9745	2958
7910	2959
3234	2960
6554	2961
8393	2962
19	2963
1063	2964
5623	2965
2001	2966
753	2967
2025	2968
5776	2969
4058	2970
4136	2971
3906	2972
9875	2973
4390	2974
9843	2975
1672	2976
729	2977
9707	2978
583	2979
2633	2980
7183	2981
5949	2982
6173	2983
5248	2984
3695	2985
6925	2986
3688	2987
1429	2988
4899	2989
3022	2990
6849	2991
9259	2992
6984	2993
9720	2994
6668	2995
2423	2996
2752	2997
6944	2998
5508	2999
2168	3000
9265	3001
6934	3002
4907	3003
1387	3004
1673	3005
2556	3006
1350	3007
5076	3008
2170	3009
9141	3010
3421	3011
1754	3012
6875	3013
3161	3014
7524	3015
418	3016
2262	3017
5565	3018
7929	3019
1191	3020
8265	3021
204	3022
6735	3023
501	3024
5605	3025
1329	3026
5247	3027
5704	3028
1935	3029
1653	3030
6869	3031
6776	3032
8298	3033
3534	3034
2546	3035
4045	3036
6254	3037
475	3038
3550	3039
5556	3040
5808	3041
5732	3042
4783	3043
9167	3044
5312	3045
2060	3046
5643	3047
2066	3048
7632	3049
3743	3050
7283	3051
7146	3052
3495	3053
7905	3054
5561	3055
283	3056
5544	3057
4385	3058
4218	3059
9397	3060
1062	3061
1875	3062
5646	3063
2590	3064
8377	3065
2169	3066
7203	3067
9736	3068
2086	3069
9846	3070
8371	3071
8413	3072
589	3073
9320	3074
7753	3075
596	3076
6966	3077
8581	3078
4712	3079
8144	3080
4817	3081
8360	3082
3323	3083
3298	3084
8444	3085
6108	3086
4477	3087
2626	3088
92	3089
5035	3090
7243	3091
3206	3092
8461	3093
5972	3094
8411	3095
4910	3096
6895	3097
3691	3098
1148	3099
6756	3100
6920	3101
7634	3102
1695	3103
7482	3104
7329	3105
5778	3106
7358	3107
9457	3108
7787	3109
8699	3110
6866	3111
9100	3112
8226	3113
297	3114
6959	3115
9222	3116
6531	3117
6540	3118
277	3119
1940	3120
5478	3121
2580	3122
3821	3123
7198	3124
6266	3125
581	3126
6098	3127
8272	3128
8879	3129
894	3130
4449	3131
1907	3132
6484	3133
2424	3134
3	3135
726	3136
286	3137
8872	3138
1045	3139
6334	3140
5879	3141
4101	3142
8351	3143
5202	3144
6534	3145
288	3146
3543	3147
5345	3148
404	3149
8287	3150
394	3151
6411	3152
4289	3153
8517	3154
4225	3155
5832	3156
8597	3157
6797	3158
1328	3159
1128	3160
4708	3161
2112	3162
4903	3163
123	3164
2118	3165
5877	3166
3215	3167
5027	3168
1980	3169
4927	3170
2691	3171
2280	3172
5149	3173
9576	3174
6643	3175
5285	3176
7035	3177
4249	3178
6948	3179
5702	3180
3151	3181
6950	3182
2528	3183
7781	3184
9476	3185
796	3186
3204	3187
8142	3188
9278	3189
4866	3190
4047	3191
3488	3192
601	3193
5929	3194
1363	3195
4517	3196
4015	3197
5293	3198
9202	3199
6147	3200
4596	3201
644	3202
4666	3203
6575	3204
5146	3205
8214	3206
1515	3207
9163	3208
3508	3209
8274	3210
4495	3211
4224	3212
9606	3213
5271	3214
7139	3215
5641	3216
4288	3217
5640	3218
954	3219
6117	3220
379	3221
8542	3222
1132	3223
3328	3224
5340	3225
4970	3226
5854	3227
2851	3228
3376	3229
3336	3230
4012	3231
4010	3232
7384	3233
2417	3234
4407	3235
3457	3236
4213	3237
4921	3238
1694	3239
572	3240
5195	3241
3449	3242
3512	3243
3469	3244
9845	3245
2175	3246
3453	3247
2860	3248
142	3249
539	3250
3735	3251
9021	3252
8129	3253
7796	3254
2835	3255
2412	3256
1482	3257
9023	3258
3766	3259
340	3260
5025	3261
5416	3262
7366	3263
7917	3264
7320	3265
4428	3266
9738	3267
4467	3268
9073	3269
9318	3270
5003	3271
38	3272
6850	3273
6805	3274
1928	3275
5407	3276
6704	3277
7026	3278
8008	3279
2754	3280
4561	3281
3847	3282
4474	3283
5083	3284
2508	3285
8498	3286
2063	3287
8855	3288
2847	3289
408	3290
1717	3291
1678	3292
3487	3293
2301	3294
2790	3295
1035	3296
1225	3297
2200	3298
305	3299
8709	3300
6370	3301
6014	3302
9037	3303
7133	3304
3398	3305
4654	3306
3039	3307
5445	3308
8346	3309
8632	3310
1406	3311
2702	3312
3937	3313
7914	3314
6833	3315
3127	3316
4236	3317
9770	3318
1746	3319
4056	3320
3299	3321
9924	3322
772	3323
2201	3324
5645	3325
7860	3326
8992	3327
8912	3328
4510	3329
3381	3330
9863	3331
5072	3332
8801	3333
4371	3334
5086	3335
8507	3336
5495	3337
1947	3338
9212	3339
4025	3340
4913	3341
2576	3342
2425	3343
9201	3344
5655	3345
1885	3346
8459	3347
9194	3348
2512	3349
3413	3350
9620	3351
5916	3352
6836	3353
6667	3354
8341	3355
1702	3356
3785	3357
253	3358
8339	3359
3773	3360
5933	3361
3627	3362
3292	3363
4163	3364
5911	3365
5156	3366
1431	3367
7699	3368
8190	3369
3401	3370
8019	3371
2803	3372
5869	3373
5784	3374
4192	3375
3198	3376
362	3377
1041	3378
4711	3379
8400	3380
5341	3381
6125	3382
2585	3383
4820	3384
421	3385
6399	3386
422	3387
8848	3388
3293	3389
7367	3390
1423	3391
2975	3392
5070	3393
5717	3394
3826	3395
6969	3396
3166	3397
953	3398
4075	3399
151	3400
6957	3401
7817	3402
1662	3403
2501	3404
7819	3405
2856	3406
8924	3407
3442	3408
3156	3409
4410	3410
7721	3411
8853	3412
8015	3413
8323	3414
6258	3415
474	3416
5461	3417
7005	3418
3100	3419
5694	3420
3264	3421
6625	3422
4	3423
4247	3424
5205	3425
7346	3426
4809	3427
49	3428
4701	3429
2506	3430
6191	3431
1767	3432
425	3433
6620	3434
6503	3435
7423	3436
3957	3437
7681	3438
9208	3439
9572	3440
1393	3441
7879	3442
6697	3443
1117	3444
8676	3445
8685	3446
5265	3447
1446	3448
10	3449
9567	3450
7130	3451
4795	3452
44	3453
4007	3454
8300	3455
9027	3456
7935	3457
5630	3458
454	3459
2371	3460
7303	3461
4909	3462
6660	3463
7894	3464
3794	3465
3877	3466
5897	3467
5549	3468
3828	3469
5144	3470
2195	3471
8279	3472
650	3473
4953	3474
9200	3475
7893	3476
2735	3477
8841	3478
4459	3479
5500	3480
2478	3481
1975	3482
795	3483
747	3484
8013	3485
2685	3486
971	3487
8380	3488
3511	3489
5923	3490
1537	3491
8830	3492
5858	3493
4512	3494
8347	3495
4259	3496
3724	3497
3041	3498
4722	3499
7316	3500
2775	3501
4255	3502
1519	3503
8059	3504
2065	3505
6103	3506
249	3507
6808	3508
6498	3509
8900	3510
507	3511
7012	3512
9351	3513
4651	3514
7665	3515
7093	3516
5493	3517
420	3518
4342	3519
4901	3520
6734	3521
2104	3522
5469	3523
4911	3524
2675	3525
8028	3526
4971	3527
9005	3528
6085	3529
3602	3530
208	3531
8405	3532
604	3533
677	3534
8998	3535
2108	3536
9376	3537
5864	3538
3131	3539
9688	3540
7418	3541
885	3542
5893	3543
6522	3544
4345	3545
697	3546
7064	3547
7601	3548
7272	3549
3382	3550
6281	3551
7694	3552
5261	3553
7222	3554
6347	3555
8446	3556
8021	3557
9017	3558
7717	3559
5876	3560
8491	3561
3169	3562
2565	3563
9029	3564
8875	3565
1467	3566
2513	3567
278	3568
8596	3569
3310	3570
6105	3571
6206	3572
4603	3573
8286	3574
4665	3575
6282	3576
2594	3577
5053	3578
7744	3579
3701	3580
3414	3581
1914	3582
63	3583
497	3584
6515	3585
8466	3586
1629	3587
2681	3588
9112	3589
3789	3590
4002	3591
685	3592
6321	3593
8219	3594
1380	3595
2494	3596
4088	3597
3305	3598
2980	3599
4685	3600
3665	3601
7141	3602
7609	3603
5507	3604
4451	3605
1392	3606
7296	3607
8078	3608
3540	3609
2471	3610
4745	3611
8609	3612
4334	3613
3838	3614
6047	3615
4580	3616
6757	3617
3429	3618
4589	3619
8376	3620
5662	3621
6942	3622
8808	3623
515	3624
2509	3625
9058	3626
7520	3627
7474	3628
6182	3629
9383	3630
8239	3631
6358	3632
5989	3633
5096	3634
7620	3635
4704	3636
9732	3637
1720	3638
8642	3639
9091	3640
3862	3641
670	3642
319	3643
4823	3644
6214	3645
4503	3646
4632	3647
2914	3648
6968	3649
1838	3650
8751	3651
2135	3652
2106	3653
4121	3654
6755	3655
513	3656
7173	3657
353	3658
3738	3659
7470	3660
9897	3661
5143	3662
2155	3663
1383	3664
199	3665
6511	3666
1808	3667
7826	3668
7547	3669
1059	3670
5042	3671
358	3672
510	3673
4906	3674
4732	3675
2064	3676
1286	3677
4044	3678
4690	3679
5400	3680
6066	3681
7328	3682
3585	3683
6956	3684
5651	3685
403	3686
5624	3687
327	3688
9691	3689
5693	3690
2467	3691
1719	3692
6656	3693
1046	3694
5998	3695
7122	3696
2469	3697
1320	3698
7854	3699
5712	3700
3662	3701
7351	3702
6264	3703
5901	3704
5621	3705
6672	3706
1913	3707
8464	3708
1276	3709
5834	3710
3302	3711
437	3712
1483	3713
6074	3714
7400	3715
5600	3716
1870	3717
7926	3718
1415	3719
7522	3720
6008	3721
2884	3722
4696	3723
5435	3724
5232	3725
2455	3726
7370	3727
4043	3728
280	3729
9195	3730
9616	3731
3895	3732
8120	3733
5483	3734
3040	3735
8887	3736
5206	3737
4601	3738
6628	3739
4705	3740
2293	3741
3000	3742
3123	3743
7955	3744
7751	3745
2894	3746
7922	3747
4793	3748
7302	3749
9894	3750
4144	3751
4443	3752
6795	3753
7213	3754
5209	3755
35	3756
8138	3757
6385	3758
5466	3759
6212	3760
4766	3761
6446	3762
3956	3763
6732	3764
6109	3765
2294	3766
5814	3767
8856	3768
7510	3769
6352	3770
4798	3771
3159	3772
33	3773
1466	3774
3245	3775
9791	3776
8918	3777
2872	3778
15	3779
3858	3780
9725	3781
3254	3782
4969	3783
6478	3784
1057	3785
3754	3786
5959	3787
7761	3788
4736	3789
9492	3790
1597	3791
7392	3792
4000	3793
5795	3794
3882	3795
9790	3796
8203	3797
7098	3798
4859	3799
7512	3800
2658	3801
2523	3802
9703	3803
2609	3804
9587	3805
4458	3806
1831	3807
1299	3808
855	3809
79	3810
2692	3811
5574	3812
9905	3813
7741	3814
8076	3815
6832	3816
700	3817
1639	3818
1257	3819
2630	3820
3050	3821
7393	3822
5904	3823
7509	3824
2849	3825
2990	3826
8501	3827
9078	3828
8881	3829
8361	3830
3962	3831
6739	3832
2048	3833
4374	3834
4138	3835
5841	3836
9198	3837
9430	3838
3758	3839
4550	3840
9925	3841
4250	3842
7693	3843
636	3844
8770	3845
2625	3846
9255	3847
735	3848
9809	3849
9050	3850
9165	3851
1300	3852
1873	3853
5536	3854
4270	3855
2824	3856
9530	3857
4947	3858
1948	3859
8337	3860
310	3861
5392	3862
8372	3863
7336	3864
2337	3865
4758	3866
8428	3867
6802	3868
2731	3869
6249	3870
987	3871
8513	3872
8583	3873
9663	3874
4323	3875
3846	3876
2879	3877
3866	3878
4246	3879
22	3880
9452	3881
5441	3882
2336	3883
5986	3884
6591	3885
811	3886
9207	3887
9156	3888
5619	3889
4563	3890
3424	3891
1825	3892
429	3893
9807	3894
369	3895
3187	3896
6150	3897
9842	3898
8250	3899
7398	3900
804	3901
7432	3902
10	3903
1068	3904
1758	3905
7982	3906
8067	3907
9753	3908
4059	3909
7750	3910
9610	3911
9436	3912
6112	3913
8683	3914
8494	3915
6747	3916
1416	3917
3654	3918
7878	3919
9554	3920
9806	3921
4564	3922
9693	3923
3077	3924
7244	3925
4784	3926
7218	3927
8807	3928
2904	3929
694	3930
5320	3931
9742	3932
2621	3933
8792	3934
1580	3935
835	3936
406	3937
8240	3938
3454	3939
3363	3940
8014	3941
7024	3942
4591	3943
763	3944
9497	3945
5705	3946
1771	3947
9758	3948
4802	3949
5532	3950
6467	3951
3551	3952
4029	3953
9239	3954
9385	3955
5708	3956
8758	3957
5251	3958
8118	3959
725	3960
2603	3961
931	3962
7630	3963
2861	3964
2376	3965
4040	3966
7795	3967
5284	3968
7481	3969
2401	3970
6237	3971
226	3972
5517	3973
9472	3974
5984	3975
9039	3976
428	3977
2368	3978
7082	3979
2916	3980
461	3981
7596	3982
3143	3983
2920	3984
525	3985
1129	3986
5925	3987
6215	3988
8320	3989
372	3990
5884	3991
373	3992
8448	3993
4807	3994
7197	3995
1565	3996
1072	3997
5157	3998
388	3999
4527	4000
7526	4001
6970	4002
367	4003
8215	4004
6286	4005
183	4006
2559	4007
6615	4008
5665	4009
6890	4010
5914	4011
7954	4012
641	4013
1444	4014
8558	4015
3253	4016
8270	4017
2266	4018
2419	4019
3059	4020
4409	4021
2150	4022
7247	4023
382	4024
5041	4025
5666	4026
8580	4027
5437	4028
3208	4029
4567	4030
6218	4031
820	4032
9088	4033
2908	4034
4836	4035
47	4036
4710	4037
7151	4038
8329	4039
7805	4040
9193	4041
1937	4042
1201	4043
7186	4044
6763	4045
8703	4046
1908	4047
2377	4048
7603	4049
3556	4050
8495	4051
7168	4052
5240	4053
3890	4054
780	4055
2552	4056
7672	4057
4341	4058
1362	4059
4958	4060
9556	4061
9522	4062
9256	4063
1713	4064
1198	4065
9291	4066
83	4067
8252	4068
147	4069
3686	4070
8245	4071
7076	4072
5953	4073
7110	4074
1008	4075
3056	4076
1266	4077
5010	4078
80	4079
7021	4080
6794	4081
5878	4082
5022	4083
793	4084
4670	4085
8528	4086
1304	4087
8525	4088
227	4089
4633	4090
2342	4091
721	4092
5329	4093
779	4094
4981	4095
1462	4096
4988	4097
4194	4098
68	4099
56	4100
9485	4101
718	4102
8218	4103
4006	4104
7411	4105
4833	4106
2982	4107
3635	4108
5258	4109
7760	4110
5769	4111
1099	4112
3128	4113
2666	4114
4201	4115
360	4116
4630	4117
9607	4118
5411	4119
3408	4120
9547	4121
560	4122
682	4123
2937	4124
3977	4125
5474	4126
3998	4127
7362	4128
3378	4129
6940	4130
5941	4131
5669	4132
8499	4133
3951	4134
5710	4135
2434	4136
1878	4137
8627	4138
7521	4139
5489	4140
8878	4141
905	4142
4995	4143
1223	4144
1896	4145
3217	4146
6694	4147
2306	4148
1434	4149
3720	4150
7157	4151
9613	4152
3069	4153
1295	4154
8386	4155
9741	4156
7657	4157
7966	4158
3194	4159
6324	4160
4158	4161
4861	4162
7249	4163
7200	4164
7650	4165
7126	4166
4926	4167
4357	4168
5191	4169
6447	4170
8370	4171
2307	4172
8806	4173
8105	4174
2740	4175
1113	4176
2075	4177
9517	4178
662	4179
8653	4180
1623	4181
8750	4182
991	4183
5275	4184
7708	4185
7042	4186
69	4187
2561	4188
1158	4189
6653	4190
6607	4191
9927	4192
4760	4193
904	4194
9671	4195
5467	4196
2191	4197
4875	4198
2041	4199
9678	4200
2890	4201
2091	4202
3228	4203
8953	4204
5418	4205
2931	4206
851	4207
576	4208
1887	4209
4087	4210
9099	4211
3175	4212
2366	4213
8711	4214
6627	4215
4066	4216
8007	4217
7652	4218
8989	4219
988	4220
5303	4221
3174	4222
9527	4223
8231	4224
5118	4225
261	4226
5781	4227
2758	4228
3103	4229
2772	4230
9123	4231
5713	4232
3963	4233
9077	4234
7435	4235
2485	4236
3499	4237
6904	4238
8994	4239
6243	4240
8137	4241
7326	4242
7290	4243
4520	4244
1801	4245
908	4246
6393	4247
5020	4248
6082	4249
3993	4250
4326	4251
4674	4252
4061	4253
503	4254
7016	4255
898	4256
7692	4257
4244	4258
7279	4259
2448	4260
4556	4261
8858	4262
9333	4263
7799	4264
5	4265
9393	4266
4033	4267
1428	4268
8211	4269
8963	4270
651	4271
8978	4272
9424	4273
7556	4274
3309	4275
1809	4276
1819	4277
4854	4278
6033	4279
7724	4280
6020	4281
5093	4282
7572	4283
8708	4284
5747	4285
2722	4286
1375	4287
5116	4288
2789	4289
1998	4290
6312	4291
4778	4292
4055	4293
578	4294
4232	4295
4825	4296
1788	4297
6332	4298
225	4299
359	4300
8791	4301
3377	4302
3538	4303
8336	4304
1357	4305
2514	4306
6806	4307
8839	4308
8833	4309
6549	4310
1860	4311
3372	4312
3950	4313
26	4314
2933	4315
7553	4316
1433	4317
5981	4318
9535	4319
5234	4320
468	4321
8515	4322
2357	4323
3491	4324
7066	4325
482	4326
746	4327
6623	4328
5789	4329
2395	4330
1486	4331
2599	4332
9900	4333
2499	4334
41	4335
1954	4336
7231	4337
2632	4338
3482	4339
8149	4340
2393	4341
6466	4342
5756	4343
9833	4344
3470	4345
5900	4346
5968	4347
62	4348
8732	4349
557	4350
6026	4351
4103	4352
4931	4353
9400	4354
7041	4355
4053	4356
9609	4357
1175	4358
3749	4359
9246	4360
2300	4361
4935	4362
5097	4363
4934	4364
1522	4365
4919	4366
3241	4367
8619	4368
2286	4369
5657	4370
5701	4371
7930	4372
4124	4373
6633	4374
1904	4375
4571	4376
9916	4377
1548	4378
2020	4379
9493	4380
6236	4381
9378	4382
3934	4383
7565	4384
6038	4385
2153	4386
9546	4387
5363	4388
7498	4389
2598	4390
3150	4391
4967	4392
9408	4393
7355	4394
9502	4395
8225	4396
5052	4397
4193	4398
8940	4399
6077	4400
1404	4401
9184	4402
8385	4403
427	4404
4212	4405
7169	4406
7789	4407
9082	4408
1457	4409
1602	4410
8561	4411
8523	4412
9595	4413
2234	4414
1976	4415
8343	4416
633	4417
6858	4418
9254	4419
3330	4420
3083	4421
7933	4422
2312	4423
1749	4424
165	4425
1960	4426
1789	4427
9590	4428
8635	4429
2283	4430
3444	4431
2225	4432
3986	4433
45	4434
7873	4435
2385	4436
7777	4437
1067	4438
791	4439
267	4440
3087	4441
8350	4442
5297	4443
4667	4444
2437	4445
5936	4446
5207	4447
2689	4448
2331	4449
2359	4450
8255	4451
9795	4452
809	4453
6645	4454
6617	4455
237	4456
32	4457
6793	4458
9776	4459
9524	4460
4548	4461
1403	4462
128	4463
462	4464
1905	4465
2577	4466
8163	4467
7533	4468
5938	4469
5310	4470
6986	4471
6725	4472
7772	4473
398	4474
8165	4475
51	4476
8070	4477
5170	4478
790	4479
4408	4480
1877	4481
2167	4482
3433	4483
9149	4484
9803	4485
1910	4486
4004	4487
6204	4488
1900	4489
1732	4490
1	4491
6722	4492
1663	4493
4143	4494
2143	4495
785	4496
5620	4497
7458	4498
1	4499
2944	4500
928	4501
1990	4502
1929	4503
1510	4504
3576	4505
5593	4506
31	4507
848	4508
6344	4509
4614	4510
5725	4511
7950	4512
5895	4513
6687	4514
2668	4515
5365	4516
4524	4517
5988	4518
5313	4519
146	4520
3446	4521
1237	4522
9749	4523
1369	4524
2184	4525
8450	4526
1531	4527
313	4528
3443	4529
3273	4530
6452	4531
23	4532
1280	4533
5045	4534
5334	4535
4003	4536
4750	4537
57	4538
53	4539
1811	4540
4020	4541
676	4542
1689	4543
1	4544
9856	4545
7847	4546
3569	4547
8302	4548
3891	4549
9313	4550
2761	4551
1039	4552
8686	4553
3130	4554
674	4555
9241	4556
2683	4557
2465	4558
3060	4559
9349	4560
1524	4561
7934	4562
7834	4563
29	4564
3629	4565
1763	4566
913	4567
8674	4568
7851	4569
2505	4570
554	4571
7977	4572
270	4573
7029	4574
6954	4575
8289	4576
6084	4577
7259	4578
9474	4579
9164	4580
4900	4581
5867	4582
1203	4583
2927	4584
5892	4585
4057	4586
8886	4587
9451	4588
6917	4589
352	4590
698	4591
6565	4592
8540	4593
185	4594
3383	4595
4777	4596
8433	4597
4838	4598
7978	4599
59	4600
9146	4601
4404	4602
3678	4603
479	4604
8834	4605
7818	4606
9598	4607
5266	4608
7230	4609
7473	4610
6027	4611
4976	4612
9403	4613
1615	4614
3673	4615
9342	4616
7838	4617
533	4618
7263	4619
9690	4620
5691	4621
3028	4622
5455	4623
1399	4624
6852	4625
3490	4626
4691	4627
3014	4628
6528	4629
3935	4630
9841	4631
5676	4632
6184	4633
2	4634
7501	4635
8168	4636
541	4637
897	4638
7250	4639
5960	4640
8171	4641
4886	4642
2314	4643
2392	4644
3027	4645
3680	4646
1316	4647
3278	4648
3810	4649
1919	4650
5058	4651
6333	4652
166	4653
7679	4654
7909	4655
8931	4656
2431	4657
6391	4658
9627	4659
7880	4660
5550	4661
6055	4662
2067	4663
9550	4664
3261	4665
9872	4666
5224	4667
7655	4668
7454	4669
2712	4670
4655	4671
6296	4672
8396	4673
5750	4674
5065	4675
514	4676
7439	4677
8691	4678
3729	4679
2290	4680
2288	4681
4762	4682
1668	4683
5584	4684
3981	4685
7298	4686
2279	4687
2756	4688
6746	4689
2	4690
7846	4691
8036	4692
9513	4693
5782	4694
3811	4695
4348	4696
417	4697
4692	4698
8167	4699
3953	4700
467	4701
1232	4702
5484	4703
89	4704
4968	4705
8821	4706
9327	4707
1447	4708
6784	4709
2268	4710
517	4711
8004	4712
1543	4713
7426	4714
3420	4715
6943	4716
4182	4717
813	4718
4747	4719
6189	4720
2085	4721
1156	4722
2636	4723
8586	4724
2428	4725
1159	4726
1226	4727
9466	4728
1596	4729
7855	4730
5430	4731
8471	4732
499	4733
5273	4734
2831	4735
9734	4736
1586	4737
6514	4738
9446	4739
1879	4740
5026	4741
4444	4742
4853	4743
7193	4744
8967	4745
661	4746
6863	4747
1165	4748
9036	4749
6879	4750
307	4751
1616	4752
4575	4753
8713	4754
7841	4755
1233	4756
2009	4757
7007	4758
1332	4759
1197	4760
6881	4761
4531	4762
3048	4763
8439	4764
4378	4765
9414	4766
457	4767
8668	4768
2670	4769
4598	4770
3734	4771
157	4772
972	4773
6223	4774
2158	4775
6361	4776
6025	4777
1302	4778
8980	4779
7408	4780
8692	4781
9427	4782
5956	4783
7159	4784
893	4785
6766	4786
5543	4787
4266	4788
3287	4789
3288	4790
7467	4791
845	4792
466	4793
9562	4794
1426	4795
9896	4796
6907	4797
3555	4798
4230	4799
6489	4800
6654	4801
8224	4802
7669	4803
8592	4804
1082	4805
5656	4806
3808	4807
6139	4808
6364	4809
6830	4810
2782	4811
8039	4812
7769	4813
3640	4814
3694	4815
1247	4816
6909	4817
2517	4818
6208	4819
8655	4820
9504	4821
1962	4822
2907	4823
8796	4824
1813	4825
5907	4826
1622	4827
3337	4828
6404	4829
8574	4830
6996	4831
4924	4832
5687	4833
7642	4834
2963	4835
55	4836
170	4837
1075	4838
1837	4839
6972	4840
3399	4841
1533	4842
4360	4843
1579	4844
3024	4845
6659	4846
4979	4847
9624	4848
4392	4849
5652	4850
93	4851
7417	4852
7636	4853
8883	4854
6439	4855
7974	4856
9133	4857
2854	4858
7391	4859
3774	4860
4974	4861
4746	4862
375	4863
77	4864
9704	4865
4954	4866
3231	4867
9692	4868
8560	4869
8127	4870
7995	4871
536	4872
6967	4873
7291	4874
4613	4875
4388	4876
2098	4877
3753	4878
8234	4879
9157	4880
7036	4881
8223	4882
18	4883
2557	4884
478	4885
3931	4886
2934	4887
5734	4888
8210	4889
4702	4890
8221	4891
266	4892
3731	4893
4678	4894
7382	4895
1450	4896
6072	4897
1556	4898
3837	4899
3979	4900
9138	4901
7402	4902
145	4903
5298	4904
643	4905
7778	4906
4986	4907
7332	4908
1534	4909
940	4910
4183	4911
3249	4912
9638	4913
1086	4914
3117	4915
3250	4916
7028	4917
9178	4918
6864	4919
787	4920
8742	4921
6788	4922
2591	4923
5470	4924
9161	4925
7913	4926
1108	4927
3940	4928
9294	4929
7441	4930
8896	4931
5745	4932
6328	4933
964	4934
2374	4935
2087	4936
3387	4937
6056	4938
9205	4939
110	4940
9569	4941
9625	4942
9128	4943
6375	4944
7861	4945
9699	4946
7488	4947
4491	4948
7413	4949
8447	4950
3466	4951
8508	4952
6159	4953
3641	4954
5223	4955
9891	4956
1028	4957
8057	4958
8671	4959
3023	4960
5034	4961
1412	4962
4241	4963
2868	4964
3269	4965
2082	4966
7433	4967
5342	4968
5783	4969
1261	4970
4568	4971
575	4972
6342	4973
6721	4974
9359	4975
2323	4976
5835	4977
9759	4978
8733	4979
464	4980
637	4981
4111	4982
1645	4983
744	4984
8199	4985
1000	4986
7240	4987
4376	4988
7324	4989
2147	4990
5472	4991
903	4992
1270	4993
9122	4994
3603	4995
5357	4996
9593	4997
6233	4998
5362	4999
5396	5000
5358	5001
7947	5002
4609	5003
3973	5004
1665	5005
1883	5006
1051	5007
5520	5008
9235	5009
7322	5010
1507	5011
6902	5012
2939	5013
7967	5014
5228	5015
3938	5016
2728	5017
38	5018
912	5019
1624	5020
9544	5021
914	5022
8381	5023
4170	5024
6239	5025
3503	5026
1866	5027
7998	5028
6595	5029
5813	5030
7120	5031
289	5032
974	5033
2411	5034
7743	5035
7614	5036
9002	5037
8943	5038
7428	5039
1761	5040
7598	5041
5909	5042
9529	5043
5498	5044
23	5045
7590	5046
9415	5047
3812	5048
2635	5049
7923	5050
2676	5051
5311	5052
8445	5053
2233	5054
3649	5055
9573	5056
8930	5057
8652	5058
8128	5059
2269	5060
3886	5061
4454	5062
5553	5063
430	5064
3356	5065
9113	5066
433	5067
4796	5068
5746	5069
5979	5070
2736	5071
6417	5072
3064	5073
9152	5074
230	5075
767	5076
6741	5077
2232	5078
9642	5079
7267	5080
1020	5081
9545	5082
775	5083
2928	5084
7172	5085
3901	5086
7975	5087
1073	5088
5922	5089
3601	5090
4199	5091
6558	5092
2034	5093
3679	5094
8773	5095
4679	5096
5142	5097
7345	5098
7646	5099
9289	5100
7112	5101
6160	5102
6083	5103
6854	5104
1901	5105
6859	5106
6120	5107
450	5108
8663	5109
6759	5110
871	5111
8241	5112
3097	5113
570	5114
7979	5115
1844	5116
5581	5117
2608	5118
8748	5119
6563	5120
9070	5121
5183	5122
5575	5123
3690	5124
6530	5125
2839	5126
8638	5127
663	5128
6676	5129
864	5130
9456	5131
799	5132
4252	5133
1563	5134
5805	5135
7372	5136
4172	5137
5882	5138
8110	5139
9521	5140
6546	5141
6453	5142
1021	5143
6200	5144
223	5145
2079	5146
985	5147
5193	5148
3407	5149
6527	5150
3091	5151
1145	5152
164	5153
8817	5154
9729	5155
7700	5156
7892	5157
980	5158
5169	5159
8740	5160
9697	5161
3371	5162
8395	5163
7292	5164
4041	5165
7962	5166
5257	5167
1671	5168
45	5169
5648	5170
1851	5171
1711	5172
2046	5173
5588	5174
4608	5175
64	5176
6831	5177
8282	5178
7478	5179
484	5180
1438	5181
8514	5182
6987	5183
1027	5184
4120	5185
7806	5186
7485	5187
6165	5188
9852	5189
6696	5190
8889	5191
7527	5192
3291	5193
3107	5194
4277	5195
8230	5196
3138	5197
5679	5198
3289	5199
8814	5200
293	5201
8907	5202
59	5203
6220	5204
2527	5205
1640	5206
9406	5207
6289	5208
7115	5209
95	5210
8605	5211
6647	5212
5295	5213
2991	5214
3750	5215
9401	5216
4098	5217
5151	5218
1807	5219
8753	5220
945	5221
8678	5222
5978	5223
8656	5224
2206	5225
9423	5226
9126	5227
3010	5228
5255	5229
9067	5230
984	5231
2969	5232
625	5233
1757	5234
5946	5235
8294	5236
8935	5237
7323	5238
8319	5239
8827	5240
5957	5241
4200	5242
5991	5243
11	5244
3412	5245
2832	5246
528	5247
6078	5248
1886	5249
1407	5250
8317	5251
8493	5252
2212	5253
8909	5254
8562	5255
9266	5256
1080	5257
9910	5258
8094	5259
2275	5260
3791	5261
3636	5262
3065	5263
119	5264
1710	5265
4737	5266
5309	5267
71	5268
2938	5269
4975	5270
5235	5271
547	5272
7100	5273
4538	5274
8861	5275
4683	5276
6153	5277
8787	5278
4687	5279
5450	5280
6577	5281
1830	5282
3124	5283
9870	5284
3011	5285
9282	5286
5115	5287
2730	5288
8458	5289
7647	5290
459	5291
8578	5292
2571	5293
6337	5294
2542	5295
4956	5296
555	5297
6338	5298
3517	5299
1921	5300
7227	5301
2716	5302
8999	5303
5573	5304
6535	5305
7832	5306
6471	5307
124	5308
139	5309
6497	5310
4017	5311
5323	5312
3764	5313
9832	5314
2204	5315
771	5316
6107	5317
5394	5318
1503	5319
3193	5320
9533	5321
3965	5322
3978	5323
6513	5324
414	5325
2078	5326
6435	5327
8104	5328
7635	5329
564	5330
8661	5331
8048	5332
4092	5333
1583	5334
4173	5335
4154	5336
1038	5337
143	5338
1396	5339
5880	5340
730	5341
8131	5342
5819	5343
4405	5344
5029	5345
6301	5346
5055	5347
7374	5348
2755	5349
9340	5350
3718	5351
3256	5352
1305	5353
9440	5354
6822	5355
5741	5356
4805	5357
3747	5358
631	5359
4220	5360
3369	5361
4643	5362
7820	5363
3933	5364
3722	5365
5383	5366
2684	5367
2473	5368
7961	5369
386	5370
6128	5371
4497	5372
4525	5373
3807	5374
5333	5375
927	5376
9724	5377
9892	5378
1770	5379
989	5380
1943	5381
7022	5382
1793	5383
8409	5384
5421	5385
8658	5386
8399	5387
1098	5388
3181	5389
17	5390
1271	5391
5542	5392
7678	5393
2787	5394
4359	5395
6677	5396
2119	5397
5678	5398
5856	5399
2838	5400
238	5401
4555	5402
1610	5403
7774	5404
696	5405
815	5406
714	5407
3840	5408
5475	5409
7619	5410
921	5411
6938	5412
5233	5413
2378	5414
1544	5415
122	5416
1814	5417
295	5418
4896	5419
1442	5420
4719	5421
8941	5422
1053	5423
423	5424
2350	5425
3669	5426
7668	5427
7321	5428
9216	5429
3031	5430
9586	5431
2935	5432
863	5433
7599	5434
616	5435
548	5436
8537	5437
7862	5438
4265	5439
2725	5440
5775	5441
287	5442
4423	5443
2449	5444
8141	5445
7225	5446
9475	5447
1906	5448
7380	5449
8803	5450
3096	5451
2669	5452
9788	5453
6664	5454
9622	5455
3441	5456
4386	5457
6144	5458
3682	5459
5504	5460
7538	5461
6601	5462
8991	5463
244	5464
4302	5465
764	5466
9862	5467
1368	5468
9230	5469
6454	5470
7764	5471
7072	5472
5580	5473
8462	5474
3221	5475
3842	5476
4617	5477
337	5478
924	5479
8568	5480
7118	5481
349	5482
7099	5483
7014	5484
434	5485
782	5486
8041	5487
1036	5488
4605	5489
149	5490
2765	5491
8016	5492
3755	5493
9555	5494
7891	5495
3134	5496
9646	5497
6309	5498
3315	5499
3055	5500
9508	5501
7496	5502
1963	5503
3342	5504
8602	5505
3258	5506
6930	5507
6048	5508
621	5509
4873	5510
7399	5511
703	5512
8717	5513
3192	5514
2399	5515
9928	5516
9162	5517
1110	5518
2023	5519
4815	5520
7986	5521
2875	5522
2352	5523
6250	5524
8001	5525
7776	5526
6111	5527
7676	5528
6616	5529
148	5530
6529	5531
5927	5532
9087	5533
7742	5534
4351	5535
2163	5536
6290	5537
817	5538
7462	5539
6455	5540
40	5541
1476	5542
8570	5543
9737	5544
7918	5545
1660	5546
3521	5547
2886	5548
6848	5549
672	5550
6162	5551
9801	5552
1974	5553
5891	5554
8074	5555
9818	5556
3984	5557
9882	5558
2776	5559
707	5560
8813	5561
8047	5562
4776	5563
9514	5564
1747	5565
7592	5566
1281	5567
4638	5568
1611	5569
7282	5570
4727	5571
1591	5572
8850	5573
5560	5574
5726	5575
9060	5576
1995	5577
7606	5578
2652	5579
323	5580
9878	5581
6176	5582
6504	5583
6740	5584
4545	5585
7268	5586
2040	5587
5056	5588
4646	5589
2487	5590
6865	5591
364	5592
757	5593
6494	5594
1390	5595
3596	5596
9454	5597
1126	5598
2372	5599
2611	5600
3952	5601
1023	5602
860	5603
7605	5604
9789	5605
1881	5606
8481	5607
5246	5608
8456	5609
4584	5610
1829	5611
1473	5612
4008	5613
5075	5614
4569	5615
3203	5616
1475	5617
810	5618
3633	5619
6815	5620
978	5621
6597	5622
7460	5623
2651	5624
9319	5625
3119	5626
4865	5627
781	5628
9006	5629
9105	5630
4936	5631
70	5632
2464	5633
7577	5634
7318	5635
6053	5636
657	5637
4626	5638
2361	5639
3853	5640
7245	5641
4094	5642
6618	5643
5563	5644
7371	5645
9285	5646
4473	5647
2774	5648
5737	5649
1115	5650
2870	5651
1103	5652
5239	5653
7625	5654
934	5655
586	5656
6800	5657
7271	5658
2008	5659
9252	5660
390	5661
3132	5662
6274	5663
4028	5664
4541	5665
4631	5666
338	5667
3352	5668
2488	5669
432	5670
2373	5671
4211	5672
9402	5673
4700	5674
6295	5675
6457	5676
7534	5677
3793	5678
5152	5679
1184	5680
1202	5681
33	5682
6316	5683
8529	5684
1651	5685
9137	5686
7570	5687
6409	5688
4048	5689
3980	5690
2432	5691
4985	5692
8955	5693
4074	5694
8292	5695
2415	5696
1581	5697
8539	5698
2541	5699
9115	5700
5060	5701
3447	5702
4150	5703
6178	5704
6051	5705
5459	5706
3813	5707
4485	5708
1282	5709
13	5710
2375	5711
3903	5712
666	5713
8805	5714
3120	5715
1780	5716
1435	5717
4607	5718
2408	5719
6232	5720
6914	5721
3926	5722
2291	5723
325	5724
4421	5725
4470	5726
3047	5727
7850	5728
4141	5729
994	5730
1794	5731
160	5732
5069	5733
5098	5734
7015	5735
6389	5736
82	5737
7455	5738
7180	5739
1087	5740
6474	5741
8487	5742
2036	5743
792	5744
6517	5745
4669	5746
6198	5747
6481	5748
9217	5749
1701	5750
7688	5751
2130	5752
8569	5753
9911	5754
3265	5755
6935	5756
1133	5757
101	5758
9169	5759
1417	5760
1722	5761
2646	5762
7786	5763
7416	5764
9640	5765
216	5766
4650	5767
5598	5768
133	5769
4496	5770
1729	5771
3702	5772
8712	5773
3244	5774
8327	5775
9166	5776
7830	5777
6210	5778
9574	5779
6458	5780
6566	5781
3707	5782
8925	5783
9	5784
6683	5785
7722	5786
6021	5787
2701	5788
3949	5789
7001	5790
9785	5791
1069	5792
4251	5793
8557	5794
8095	5795
6059	5796
1160	5797
4537	5798
4151	5799
4649	5800
6151	5801
9019	5802
4876	5803
4887	5804
2667	5805
759	5806
6406	5807
9010	5808
1360	5809
7618	5810
9104	5811
3255	5812
9821	5813
4396	5814
2926	5815
822	5816
7779	5817
3632	5818
5661	5819
219	5820
3844	5821
2780	5822
8	5823
2687	5824
1506	5825
9648	5826
9001	5827
7256	5828
1733	5829
3509	5830
590	5831
1674	5832
7876	5833
3562	5834
768	5835
4581	5836
2006	5837
6412	5838
2994	5839
2055	5840
3477	5841
3717	5842
7637	5843
5238	5844
4874	5845
4539	5846
7648	5847
3689	5848
2806	5849
7361	5850
7129	5851
5179	5852
4356	5853
2014	5854
2992	5855
1190	5856
2640	5857
7319	5858
6962	5859
9913	5860
2126	5861
754	5862
15	5863
2287	5864
7004	5865
2788	5866
4610	5867
9175	5868
2680	5869
7756	5870
2568	5871
3445	5872
1440	5873
8598	5874
7153	5875
1461	5876
7792	5877
195	5878
194	5879
7338	5880
4622	5881
9022	5882
8437	5883
1344	5884
1382	5885
4009	5886
173	5887
7420	5888
996	5889
5845	5890
7255	5891
13	5892
25	5893
1752	5894
509	5895
8572	5896
4079	5897
2694	5898
6180	5899
8217	5900
2090	5901
6823	5902
4433	5903
5973	5904
846	5905
7602	5906
2151	5907
1337	5908
3970	5909
4509	5910
5501	5911
7745	5912
3661	5913
316	5914
1374	5915
4102	5916
5059	5917
8305	5918
5698	5919
5562	5920
705	5921
8716	5922
9589	5923
460	5924
951	5925
9110	5926
8666	5927
5722	5928
7109	5929
1655	5930
2076	5931
8180	5932
8331	5933
723	5934
8571	5935
6079	5936
2263	5937
8669	5938
5788	5939
34	5940
108	5941
2697	5942
6947	5943
566	5944
618	5945
4612	5946
8593	5947
579	5948
3252	5949
6240	5950
3516	5951
5281	5952
827	5953
4307	5954
4804	5955
8706	5956
6658	5957
8682	5958
8851	5959
3805	5960
9511	5961
2583	5962
1139	5963
7924	5964
3034	5965
1971	5966
5910	5967
8566	5968
5424	5969
104	5970
6505	5971
7653	5972
220	5973
8628	5974
3696	5975
1856	5976
6990	5977
8895	5978
9565	5979
717	5980
4046	5981
6593	5982
6508	5983
7299	5984
3430	5985
3504	5986
5743	5987
9260	5988
96	5989
4215	5990
1716	5991
9901	5992
5826	5993
3202	5994
9658	5995
3959	5996
6626	5997
7580	5998
440	5999
6229	6000
3923	6001
2235	6002
2116	6003
2622	6004
2044	6005
2219	6006
3529	6007
5815	6008
9656	6009
333	6010
7468	6011
8307	6012
4756	6013
8332	6014
1096	6015
4035	6016
1511	6017
9248	6018
652	6019
4558	6020
3271	6021
2043	6022
9094	6023
9561	6024
5729	6025
9683	6026
8837	6027
3029	6028
202	6029
9438	6030
976	6031
7726	6032
7985	6033
9673	6034
1734	6035
2575	6036
198	6037
9884	6038
3571	6039
8946	6040
1279	6041
9354	6042
8645	6043
6731	6044
1961	6045
7844	6046
6132	6047
1267	6048
7727	6049
6464	6050
3358	6051
5100	6052
2202	6053
16	6054
2216	6055
6887	6056
8172	6057
8489	6058
3104	6059
1779	6060
6129	6061
823	6062
200	6063
890	6064
3584	6065
8897	6066
4258	6067
9206	6068
4370	6069
8284	6070
7202	6071
8913	6072
1199	6073
2070	6074
9639	6075
8575	6076
7347	6077
9675	6078
3476	6079
569	6080
6814	6081
8126	6082
2801	6083
3216	6084
8662	6085
3327	6086
3819	6087
7228	6088
3210	6089
4275	6090
8125	6091
4147	6092
4693	6093
6693	6094
3266	6095
7288	6096
3057	6097
6900	6098
8723	6099
9666	6100
6170	6101
4579	6102
3674	6103
4879	6104
5627	6105
8577	6106
3248	6107
5127	6108
9297	6109
1512	6110
9048	6111
7436	6112
7142	6113
8420	6114
9629	6115
8162	6116
6158	6117
6069	6118
9179	6119
7814	6120
5496	6121
2923	6122
1753	6123
2539	6124
756	6125
8973	6126
2518	6127
7308	6128
9596	6129
214	6130
9270	6131
6102	6132
8442	6133
4707	6134
4488	6135
6762	6136
8434	6137
8309	6138
3026	6139
2083	6140
8233	6141
1054	6142
3520	6143
622	6144
5371	6145
9143	6146
7989	6147
5458	6148
979	6149
2356	6150
8863	6151
3900	6152
4366	6153
3746	6154
2160	6155
6122	6156
4237	6157
8759	6158
1211	6159
9782	6160
5368	6161
1488	6162
3825	6163
1707	6164
8158	6165
9085	6166
4327	6167
9262	6168
6269	6169
2310	6170
3568	6171
6638	6172
6779	6173
8213	6174
1104	6175
3460	6176
8365	6177
9003	6178
5068	6179
638	6180
2912	6181
8584	6182
5935	6183
3898	6184
1826	6185
9489	6186
5431	6187
6753	6188
1293	6189
4093	6190
2952	6191
4868	6192
6369	6193
7889	6194
7810	6195
4113	6196
6871	6197
5099	6198
6154	6199
8700	6200
8633	6201
886	6202
3539	6203
5073	6204
8212	6205
9687	6206
3451	6207
2381	6208
7916	6209
1273	6210
1854	6211
841	6212
2498	6213
9331	6214
961	6215
7116	6216
52	6217
8454	6218
9665	6219
665	6220
4878	6221
6441	6222
8954	6223
8488	6224
2656	6225
1264	6226
830	6227
8917	6228
4637	6229
271	6230
4849	6231
3857	6232
8388	6233
4606	6234
5896	6235
2062	6236
9714	6237
5817	6238
4301	6239
3966	6240
1777	6241
3046	6242
2461	6243
5308	6244
5088	6245
1394	6246
5305	6247
5754	6248
3611	6249
354	6250
7537	6251
6226	6252
3711	6253
6355	6254
4937	6255
1982	6256
8648	6257
495	6258
9083	6259
7075	6260
8677	6261
6600	6262
40	6263
3768	6264
5639	6265
6246	6266
7260	6267
4145	6268
6913	6269
3987	6270
1339	6271
9032	6272
7749	6273
2535	6274
3002	6275
7539	6276
5419	6277
8291	6278
2440	6279
215	6280
5889	6281
9763	6282
7849	6283
8550	6284
8421	6285
1676	6286
7429	6287
5753	6288
8664	6289
3961	6290
391	6291
4174	6292
7578	6293
3645	6294
2841	6295
1608	6296
9130	6297
8876	6298
9306	6299
3796	6300
1647	6301
1147	6302
9033	6303
3880	6304
4566	6305
8281	6306
5632	6307
5683	6308
872	6309
5764	6310
4186	6311
549	6312
6010	6313
4740	6314
967	6315
4023	6316
2820	6317
5379	6318
4912	6319
5844	6320
3622	6321
4456	6322
7780	6323
334	6324
1842	6325
5001	6326
1172	6327
9526	6328
7579	6329
6521	6330
2714	6331
8673	6332
1679	6333
9756	6334
9747	6335
1968	6336
376	6337
3985	6338
5999	6339
476	6340
8811	6341
6728	6342
5613	6343
9684	6344
826	6345
7957	6346
152	6347
783	6348
8198	6349
3699	6350
7660	6351
9211	6352
9237	6353
6524	6354
6044	6355
3338	6356
2948	6357
1973	6358
5870	6359
7794	6360
5974	6361
415	6362
6754	6363
6323	6364
8453	6365
8870	6366
3845	6367
1745	6368
3461	6369
5965	6370
7571	6371
3270	6372
7215	6373
7766	6374
1325	6375
6960	6376
302	6377
2430	6378
8969	6379
4465	6380
6349	6381
2649	6382
7386	6383
545	6384
1065	6385
6509	6386
1480	6387
5218	6388
2073	6389
3972	6390
5051	6391
832	6392
6631	6393
4437	6394
4308	6395
2647	6396
1313	6397
585	6398
9392	6399
1897	6400
8435	6401
715	6402
8189	6403
5440	6404
6827	6405
1055	6406
5259	6407
7	6408
8066	6409
7730	6410
24	6411
5150	6412
78	6413
8069	6414
9877	6415
8630	6416
7457	6417
3004	6418
4234	6419
4578	6420
7519	6421
3693	6422
8452	6423
8117	6424
7990	6425
8253	6426
1013	6427
6031	6428
1150	6429
8119	6430
949	6431
8468	6432
2127	6433
7530	6434
2996	6435
8761	6436
9662	6437
7364	6438
105	6439
7886	6440
2483	6441
4472	6442
9743	6443
7315	6444
3536	6445
1006	6446
4862	6447
4256	6448
2531	6449
2786	6450
9345	6451
6431	6452
8784	6453
7258	6454
2171	6455
7949	6456
7898	6457
5268	6458
1317	6459
853	6460
1778	6461
6559	6462
2190	6463
25	6464
1993	6465
1709	6466
6387	6467
9051	6468
3262	6469
1862	6470
8556	6471
4597	6472
3771	6473
4123	6474
85	6475
1306	6476
2427	6477
942	6478
4834	6479
3459	6480
4204	6481
5292	6482
5827	6483
4963	6484
3473	6485
794	6486
8582	6487
3224	6488
9176	6489
5906	6490
2672	6491
1981	6492
6366	6493
2902	6494
5744	6495
8767	6496
3072	6497
2285	6498
5760	6499
4238	6500
9710	6501
9918	6502
4814	6503
8475	6504
193	6505
7341	6506
3899	6507
1934	6508
2330	6509
1229	6510
7813	6511
9873	6512
9396	6513
8857	6514
4287	6515
5331	6516
7207	6517
1361	6518
8621	6519
3242	6520
2616	6521
5714	6522
9363	6523
840	6524
4027	6525
4620	6526
6586	6527
9520	6528
4885	6529
7493	6530
5711	6531
7900	6532
8324	6533
2472	6534
7645	6535
5432	6536
8267	6537
3318	6538
6711	6539
9072	6540
9762	6541
8951	6542
1484	6543
8269	6544
3016	6545
6190	6546
7124	6547
2802	6548
2069	6549
7273	6550
6614	6551
3725	6552
8164	6553
3106	6554
9769	6555
1806	6556
3859	6557
294	6558
1220	6559
3955	6560
7314	6561
8010	6562
8369	6563
210	6564
3860	6565
1839	6566
8816	6567
8541	6568
9242	6569
8522	6570
2031	6571
7621	6572
6193	6573
3554	6574
2068	6575
6310	6576
5327	6577
9817	6578
8828	6579
9468	6580
1546	6581
8029	6582
2745	6583
5121	6584
7242	6585
5172	6586
5622	6587
5589	6588
7084	6589
506	6590
2080	6591
2071	6592
6670	6593
3405	6594
2248	6595
8109	6596
8599	6597
8554	6598
1724	6599
6307	6600
8153	6601
6526	6602
6305	6603
1095	6604
4994	6605
9043	6606
5018	6607
28	6608
7464	6609
8728	6610
1116	6611
309	6612
6304	6613
2240	6614
7863	6615
4425	6616
1547	6617
8587	6618
5185	6619
4131	6620
6203	6621
7738	6622
2619	6623
8271	6624
114	6625
8050	6626
2032	6627
7404	6628
6542	6629
7567	6630
1607	6631
1630	6632
7552	6633
9134	6634
7591	6635
11	6636
4375	6637
2918	6638
970	6639
4489	6640
8551	6641
4572	6642
6256	6643
7684	6644
8961	6645
8486	6646
481	6647
4812	6648
8178	6649
107	6650
9361	6651
4395	6652
3888	6653
2328	6654
2318	6655
4233	6656
9536	6657
6314	6658
7902	6659
7010	6660
9507	6661
3574	6662
2779	6663
6138	6664
6718	6665
909	6666
4955	6667
5448	6668
6897	6669
7506	6670
6661	6671
8675	6672
1090	6673
7352	6674
7058	6675
5180	6676
9449	6677
975	6678
1011	6679
595	6680
5389	6681
1119	6682
1164	6683
4536	6684
7719	6685
843	6686
446	6687
3606	6688
7079	6689
5451	6690
7233	6691
5399	6692
8617	6693
7563	6694
8467	6695
4961	6696
4843	6697
4352	6698
65	6699
1569	6700
2567	6701
8438	6702
8430	6703
9463	6704
7144	6705
8614	6706
317	6707
7033	6708
5318	6709
2239	6710
6410	6711
8762	6712
4790	6713
1804	6714
7713	6715
8864	6716
3765	6717
2270	6718
9000	6719
4067	6720
856	6721
3514	6722
5934	6723
3782	6724
400	6725
5966	6726
1632	6727
9057	6728
4787	6729
8646	6730
6924	6731
4278	6732
9407	6733
1258	6734
9652	6735
3802	6736
5899	6737
9448	6738
9158	6739
8299	6740
895	6741
1468	6742
1472	6743
8785	6744
3177	6745
7461	6746
3655	6747
9381	6748
7566	6749
8322	6750
4586	6751
4870	6752
5755	6753
4344	6754
2152	6755
3182	6756
2717	6757
1587	6758
6708	6759
9056	6760
8777	6761
298	6762
30	6763
1121	6764
5325	6765
3643	6766
7586	6767
8326	6768
30	6769
6092	6770
5213	6771
9481	6772
9802	6773
6713	6774
7644	6775
7758	6776
6425	6777
6655	6778
2211	6779
5684	6780
6270	6781
6460	6782
9336	6783
9644	6784
4286	6785
6787	6786
1066	6787
1140	6788
6525	6789
6104	6790
2243	6791
5888	6792
9748	6793
8478	6794
3946	6795
9101	6796
9277	6797
3883	6798
5158	6799
722	6800
7770	6801
2654	6802
3706	6803
4733	6804
9132	6805
5850	6806
7733	6807
1097	6808
1769	6809
7047	6810
1285	6811
5840	6812
9757	6813
125	6814
7306	6815
8293	6816
5481	6817
3492	6818
1331	6819
9815	6820
9538	6821
8340	6822
5159	6823
5369	6824
12	6825
9116	6826
2941	6827
2821	6828
2910	6829
4162	6830
2470	6831
571	6832
2674	6833
1865	6834
8629	6835
8061	6836
5838	6837
3865	6838
2159	6839
689	6840
3425	6841
9347	6842
4297	6843
2864	6844
4432	6845
9214	6846
7237	6847
8367	6848
5168	6849
2053	6850
2490	6851
4397	6852
7223	6853
65	6854
6557	6855
9218	6856
2010	6857
861	6858
4227	6859
3778	6860
8148	6861
6567	6862
4282	6863
2439	6864
41	6865
5971	6866
508	6867
8862	6868
2209	6869
16	6870
8387	6871
8197	6872
2645	6873
6562	6874
3397	6875
4723	6876
7559	6877
6975	6878
4305	6879
4306	6880
7587	6881
4565	6882
6140	6883
7068	6884
5596	6885
1603	6886
9356	6887
7304	6888
9325	6889
7800	6890
2543	6891
4406	6892
1088	6893
100	6894
5354	6895
3783	6896
7960	6897
4948	6898
7804	6899
4676	6900
7069	6901
3579	6902
383	6903
5642	6904
3395	6905
4694	6906
4436	6907
5875	6908
3709	6909
2362	6910
567	6911
1582	6912
8657	6913
5918	6914
3075	6915
5444	6916
9432	6917
6723	6918
1142	6919
6137	6920
9258	6921
7608	6922
7192	6923
1946	6924
6988	6925
3149	6926
9528	6927
2093	6928
1620	6929
2340	6930
9621	6931
4897	6932
624	6933
343	6934
9411	6935
4726	6936
2624	6937
6927	6938
679	6939
4129	6940
6771	6941
1601	6942
2081	6943
4198	6944
8102	6945
2997	6946
3546	6947
9431	6948
6523	6949
5199	6950
4554	6951
8113	6952
9740	6953
8457	6954
7083	6955
1182	6956
4653	6957
1635	6958
3205	6959
1253	6960
5125	6961
3390	6962
7422	6963
4268	6964
4779	6965
4257	6966
3196	6967
4343	6968
5521	6969
2313	6970
2793	6971
8235	6972
3285	6973
7137	6974
1419	6975
3687	6976
3582	6977
8636	6978
1987	6979
619	6980
6230	6981
6221	6982
3619	6983
2136	6984
4519	6985
5252	6986
2660	6987
858	6988
4529	6989
7866	6990
713	6991
3908	6992
2125	6993
1590	6994
6790	6995
2704	6996
3999	6997
7582	6998
2987	6999
2822	7000
258	7001
228	7002
8868	7003
8504	7004
5674	7005
8601	7006
4353	7007
9185	7008
5290	7009
5659	7010
1951	7011
3125	7012
559	7013
5382	7014
5940	7015
8721	7016
752	7017
8043	7018
7843	7019
5279	7020
6167	7021
5011	7022
1880	7023
7106	7024
8966	7025
9525	7026
5883	7027
4155	7028
355	7029
7300	7030
4099	7031
4668	7032
6238	7033
5283	7034
3634	7035
6580	7036
7135	7037
550	7038
8795	7039
4022	7040
6706	7041
4016	7042
2770	7043
8465	7044
2329	7045
2199	7046
5696	7047
8402	7048
1245	7049
1091	7050
4310	7051
7450	7052
653	7053
1465	7054
6381	7055
8042	7056
1378	7057
6437	7058
5434	7059
1342	7060
2549	7061
7307	7062
4207	7063
5462	7064
1171	7065
9488	7066
134	7067
1889	7068
5611	7069
8025	7070
5005	7071
2605	7072
5843	7073
7607	7074
1916	7075
9090	7076
6903	7077
5132	7078
6585	7079
5748	7080
5749	7081
4720	7082
39	7083
1557	7084
3518	7085
1800	7086
7542	7087
4347	7088
8990	7089
8734	7090
4119	7091
2319	7092
1504	7093
5626	7094
5635	7095
2165	7096
3848	7097
6901	7098
4714	7099
5540	7100
1812	7101
7430	7102
2257	7103
3976	7104
688	7105
5506	7106
7716	7107
4652	7108
1760	7109
8186	7110
1076	7111
580	7112
3544	7113
8242	7114
7269	7115
6878	7116
9398	7117
4031	7118
231	7119
6032	7120
529	7121
3102	7122
36	7123
3084	7124
3313	7125
7689	7126
2477	7127
9705	7128
6485	7129
505	7130
3909	7131
1029	7132
3542	7133
8192	7134
1215	7135
4623	7136
9183	7137
4384	7138
1354	7139
7992	7140
7071	7141
4329	7142
6308	7143
8348	7144
171	7145
3308	7146
8202	7147
684	7148
62	7149
3186	7150
7086	7151
8949	7152
9922	7153
1644	7154
8473	7155
9754	7156
308	7157
1725	7158
1984	7159
233	7160
2054	7161
925	7162
3480	7163
2213	7164
2111	7165
6416	7166
881	7167
540	7168
9893	7169
8088	7170
7604	7171
2450	7172
4634	7173
3283	7174
7224	7175
5139	7176
5733	7177
2739	7178
3403	7179
3991	7180
5812	7181
687	7182
5375	7183
4430	7184
5830	7185
229	7186
4382	7187
4156	7188
8623	7189
4019	7190
2218	7191
5087	7192
5492	7193
8356	7194
1500	7195
6844	7196
9601	7197
4751	7198
5526	7199
3925	7200
584	7201
1004	7202
7394	7203
1167	7204
1185	7205
2166	7206
7239	7207
8334	7208
9549	7209
5503	7210
3591	7211
7667	7212
9096	7213
9719	7214
8906	7215
7675	7216
2746	7217
8140	7218
5227	7219
7210	7220
3741	7221
4636	7222
1118	7223
6584	7224
2484	7225
1136	7226
4339	7227
6005	7228
245	7229
3757	7230
902	7231
8715	7232
1669	7233
4553	7234
4895	7235
5572	7236
868	7237
389	7238
1179	7239
6961	7240
9558	7241
6629	7242
8977	7243
4115	7244
2618	7245
3907	7246
6880	7247
7755	7248
6571	7249
3431	7250
9717	7251
3788	7252
5809	7253
7216	7254
2967	7255
5188	7256
1969	7257
1744	7258
6330	7259
1827	7260
3577	7261
4939	7262
3489	7263
8937	7264
8739	7265
5131	7266
260	7267
7221	7268
2665	7269
5074	7270
6054	7271
5426	7272
3416	7273
8130	7274
6640	7275
998	7276
3078	7277
3141	7278
4260	7279
6292	7280
9334	7281
6297	7282
4980	7283
8259	7284
8650	7285
7508	7286
6209	7287
6057	7288
7643	7289
801	7290
4054	7291
6090	7292
6810	7293
4219	7294
3402	7295
4401	7296
2659	7297
4264	7298
5980	7299
5038	7300
6028	7301
9004	7302
9867	7303
4600	7304
3664	7305
1111	7306
7759	7307
4788	7308
140	7309
769	7310
6413	7311
5672	7312
1790	7313
1498	7314
6963	7315
9486	7316
2231	7317
6097	7318
28	7319
6006	7320
8097	7321
2443	7322
8987	7323
765	7324
3218	7325
6789	7326
9685	7327
6011	7328
6803	7329
4992	7330
4292	7331
8840	7332
1451	7333
1241	7334
3136	7335
2874	7336
1927	7337
3005	7338
1899	7339
9420	7340
3306	7341
2791	7342
2954	7343
1143	7344
6476	7345
4741	7346
5171	7347
7540	7348
2441	7349
2859	7350
282	7351
9224	7352
8984	7353
12	7354
6576	7355
9548	7356
2804	7357
2900	7358
866	7359
1151	7360
7994	7361
9309	7362
9441	7363
6995	7364
3225	7365
6673	7366
8052	7367
6443	7368
5047	7369
5278	7370
9889	7371
61	7372
9499	7373
84	7374
7723	7375
50	7376
5321	7377
6101	7378
99	7379
4803	7380
3814	7381
1957	7382
5024	7383
2476	7384
3274	7385
9434	7386
3589	7387
129	7388
8103	7389
4881	7390
6436	7391
6164	7392
5402	7393
2834	7394
1347	7395
5716	7396
9346	7397
766	7398
8776	7399
3111	7400
2256	7401
2355	7402
324	7403
1377	7404
5184	7405
58	7406
1309	7407
3553	7408
6989	7409
5123	7410
4518	7411
1495	7412
806	7413
2017	7414
1513	7415
6564	7416
9495	7417
838	7418
9243	7419
808	7420
7325	7421
9672	7422
1828	7423
318	7424
5816	7425
2696	7426
6177	7427
2784	7428
8156	7429
2396	7430
1588	7431
3112	7432
6400	7433
6133	7434
3020	7435
1205	7436
8124	7437
1351	7438
426	7439
75	7440
1388	7441
7562	7442
4274	7443
8548	7444
9816	7445
5847	7446
6829	7447
5314	7448
6767	7449
9404	7450
859	7451
962	7452
4393	7453
7999	7454
54	7455
824	7456
4208	7457
8236	7458
8310	7459
4300	7460
4877	7461
1682	7462
2773	7463
396	7464
6949	7465
4184	7466
3051	7467
543	7468
4673	7469
1222	7470
7932	7471
1931	7472
5322	7473
5120	7474
27	7475
6951	7476
1577	7477
1481	7478
2056	7479
4990	7480
6977	7481
4962	7482
248	7483
3251	7484
2398	7485
4583	7486
5349	7487
9391	7488
918	7489
7685	7490
6699	7491
8877	7492
76	7493
5616	7494
4072	7495
1810	7496
3939	7497
5408	7498
2852	7499
1545	7500
4090	7501
2255	7502
4997	7503
3922	7504
8228	7505
7497	7506
7888	7507
4713	7508
5277	7509
7858	7510
5768	7511
6555	7512
5576	7513
7882	7514
5724	7515
7867	7516
9018	7517
3	7518
6217	7519
6222	7520
3781	7521
3035	7522
3456	7523
9419	7524
7790	7525
3905	7526
1950	7527
3178	7528
9009	7529
6350	7530
6042	7531
3989	7532
7376	7533
9579	7534
9784	7535
5552	7536
46	7537
4800	7538
3236	7539
4291	7540
7251	7541
103	7542
5216	7543
1397	7544
3843	7545
9532	7546
1628	7547
7101	7548
632	7549
7053	7550
9038	7551
3609	7552
4364	7553
2027	7554
5134	7555
1453	7556
6698	7557
7735	7558
4585	7559
3787	7560
2655	7561
1230	7562
9298	7563
4331	7564
8426	7565
67	7566
7030	7567
9236	7568
5091	7569
5797	7570
3561	7571
5599	7572
9145	7573
224	7574
3201	7575
2984	7576
8412	7577
6196	7578
4744	7579
2018	7580
9577	7581
4439	7582
69	7583
6602	7584
3497	7585
4165	7586
2921	7587
7915	7588
2620	7589
5799	7590
3705	7591
2771	7592
436	7593
9906	7594
9479	7595
449	7596
9631	7597
6780	7598
2807	7599
4828	7600
8086	7601
1161	7602
5558	7603
1684	7604
3656	7605
5791	7606
1455	7607
8133	7608
5570	7609
8923	7610
3533	7611
365	7612
4826	7613
3018	7614
4424	7615
5490	7616
4864	7617
2574	7618
3144	7619
1272	7620
5122	7621
3864	7622
9089	7623
2003	7624
4764	7625
5350	7626
6730	7627
1081	7628
5742	7629
1795	7630
9299	7631
522	7632
5094	7633
2315	7634
7656	7635
7502	7636
5502	7637
628	7638
5250	7639
1959	7640
268	7641
2349	7642
3887	7643
6877	7644
5174	7645
531	7646
4530	7647
9065	7648
4110	7649
1802	7650
8894	7651
9353	7652
409	7653
4562	7654
6267	7655
6113	7656
3355	7657
1384	7658
2978	7659
6465	7660
1818	7661
6251	7662
2724	7663
1772	7664
2797	7665
9220	7666
5438	7667
9139	7668
8804	7669
5197	7670
4506	7671
9086	7672
6438	7673
9537	7674
6812	7675
3605	7676
5636	7677
8058	7678
8358	7679
7119	7680
1554	7681
7494	7682
4794	7683
4786	7684
5344	7685
3462	7686
8926	7687
7286	7688
1527	7689
4983	7690
2210	7691
4463	7692
9221	7693
4932	7694
3140	7695
4253	7696
7018	7697
2481	7698
2435	7699
8087	7700
6	7701
1846	7702
9796	7703
8860	7704
7503	7705
3066	7706
3467	7707
2148	7708
8357	7709
4317	7710
3232	7711
2721	7712
1574	7713
9365	7714
1979	7715
7390	7716
2905	7717
4645	7718
2623	7719
3213	7720
4214	7721
9059	7722
3885	7723
1401	7724
3450	7725
8549	7726
5294	7727
8520	7728
3049	7729
121	7730
7309	7731
2057	7732
9608	7733
1259	7734
8726	7735
8506	7736
2679	7737
6401	7738
6273	7739
8639	7740
1643	7741
2115	7742
5534	7743
6781	7744
551	7745
3704	7746
2766	7747
4792	7748
4118	7749
3921	7750
4984	7751
2133	7752
6061	7753
2867	7754
8207	7755
1236	7756
8335	7757
5592	7758
7241	7759
8532	7760
7065	7761
2124	7762
6473	7763
9826	7764
5762	7765
4068	7766
986	7767
9570	7768
60	7769
6657	7770
8344	7771
5839	7772
315	7773
111	7774
7363	7775
8842	7776
798	7777
64	7778
5718	7779
9837	7780
1105	7781
6315	7782
1965	7783
2157	7784
135	7785
3093	7786
5215	7787
3257	7788
1130	7789
5471	7790
5028	7791
8778	7792
600	7793
8835	7794
9591	7795
4619	7796
8022	7797
4128	7798
1706	7799
660	7800
4894	7801
402	7802
3588	7803
9111	7804
1592	7805
3756	7806
2338	7807
6729	7808
2686	7809
9811	7810
1015	7811
7226	7812
9781	7813
7102	7814
81	7815
8694	7816
1432	7817
6080	7818
7359	7819
599	7820
8306	7821
3820	7822
4096	7823
5412	7824
9135	7825
610	7826
4134	7827
1240	7828
9659	7829
3594	7830
9600	7831
452	7832
2769	7833
3267	7834
489	7835
3406	7836
6648	7837
5000	7838
6985	7839
7557	7840
5456	7841
8760	7842
2215	7843
6354	7844
7013	7845
6807	7846
8342	7847
4073	7848
465	7849
9335	7850
5061	7851
9026	7852
8280	7853
1626	7854
6979	7855
2047	7856
8714	7857
8187	7858
629	7859
1604	7860
6067	7861
8237	7862
8256	7863
52	7864
807	7865
9437	7866
8257	7867
3710	7868
1439	7869
1493	7870
9563	7871
4146	7872
9390	7873
9341	7874
7829	7875
4542	7876
7234	7877
678	7878
9571	7879
4951	7880
3329	7881
1353	7882
4195	7883
9500	7884
7765	7885
3960	7886
7208	7887
659	7888
1494	7889
9171	7890
7641	7891
8865	7892
2762	7893
9914	7894
2968	7895
9829	7896
3139	7897
5012	7898
3448	7899
3173	7900
2564	7901
7444	7902
7469	7903
9173	7904
3519	7905
8644	7906
8510	7907
669	7908
3815	7909
2092	7910
9279	7911
4893	7912
2016	7913
3007	7914
8665	7915
7883	7916
740	7917
9063	7918
3868	7919
655	7920
4026	7921
8288	7922
4993	7923
2998	7924
207	7925
6064	7926
6345	7927
1997	7928
2186	7929
5654	7930
690	7931
3642	7932
5330	7933
1589	7934
1297	7935
3684	7936
2121	7937
3830	7938
493	7939
9730	7940
3404	7941
8820	7942
2299	7943
4177	7944
9124	7945
2548	7946
3396	7947
3247	7948
8942	7949
2197	7950
9154	7951
2317	7952
3869	7953
4325	7954
7161	7955
9755	7956
7560	7957
395	7958
3223	7959
2612	7960
5423	7961
3982	7962
6016	7963
1917	7964
9461	7965
4698	7966
6637	7967
7176	7968
5685	7969
8888	7970
2631	7971
4112	7972
3294	7973
1101	7974
5985	7975
1714	7976
2743	7977
1972	7978
2946	7979
2409	7980
177	7981
9081	7982
7406	7983
8220	7984
4546	7985
6045	7986
1192	7987
7165	7988
6017	7989
5186	7990
854	7991
7707	7992
4763	7993
9460	7994
504	7995
3148	7996
9602	7997
8419	7998
6550	7999
7077	8000
4127	8001
8068	8002
2533	8003
4857	8004
7113	8005
3322	8006
7045	8007
2099	8008
7145	8009
9405	8010
7489	8011
357	8012
9275	8013
5465	8014
8625	8015
8920	8016
7073	8017
5951	8018
2877	8019
2348	8020
6302	8021
184	8022
6665	8023
2394	8024
2102	8025
943	8026
742	8027
8996	8028
2760	8029
4526	8030
5256	8031
1048	8032
789	8033
9566	8034
4426	8035
5606	8036
4640	8037
7734	8038
5189	8039
1336	8040
1619	8041
1759	8042
6574	8043
6093	8044
5947	8045
73	8046
527	8047
9384	8048
7054	8049
2889	8050
3195	8051
169	8052
6076	8053
1923	8054
9559	8055
1821	8056
7881	8057
6418	8058
6065	8059
737	8060
5447	8061
9828	8062
8378	8063
615	8064
2678	8065
4235	8066
8020	8067
320	8068
3359	8069
4831	8070
6216	8071
542	8072
3003	8073
284	8074
8251	8075
5219	8076
9680	8077
2005	8078
3849	8079
654	8080
2251	8081
8470	8082
7009	8083
5182	8084
7211	8085
9599	8086
7448	8087
2863	8088
2321	8089
4276	8090
8534	8091
546	8092
6488	8093
7401	8094
3483	8095
88	8096
9428	8097
6556	8098
4202	8099
5719	8100
6679	8101
2873	8102
6123	8103
7491	8104
7311	8105
5162	8106
658	8107
4908	8108
1549	8109
7140	8110
8790	8111
1424	8112
7514	8113
2976	8114
6874	8115
424	8116
1558	8117
8060	8118
3732	8119
2639	8120
7459	8121
5126	8122
6172	8123
2274	8124
1489	8125
3841	8126
6428	8127
2122	8128
4594	8129
9444	8130
2346	8131
7912	8132
2414	8133
7447	8134
2604	8135
9564	8136
2833	8137
922	8138
1538	8139
7549	8140
9582	8141
4774	8142
1275	8143
2276	8144
5376	8145
416	8146
221	8147
7627	8148
7442	8149
8260	8150
3099	8151
9490	8152
1409	8153
6142	8154
7972	8155
9425	8156
106	8157
9251	8158
6573	8159
7920	8160
9144	8161
5154	8162
1690	8163
4373	8164
470	8165
1370	8166
6403	8167
4871	8168
5673	8169
9771	8170
3312	8171
4672	8172
4139	8173
2144	8174
2815	8175
9092	8176
4369	8177
1528	8178
7661	8179
252	8180
3019	8181
691	8182
7739	8183
6018	8184
1748	8185
5853	8186
2379	8187
8616	8188
9904	8189
4299	8190
5080	8191
2551	8192
941	8193
1248	8194
6052	8195
8745	8196
7531	8197
1138	8198
3745	8199
4552	8200
8846	8201
6649	8202
5145	8203
1938	8204
6362	8205
5774	8206
7449	8207
4972	8208
5113	8209
6634	8210
8727	8211
6782	8212
2237	8213
2521	8214
8626	8215
86	8216
8392	8217
6931	8218
4332	8219
4957	8220
4434	8221
6432	8222
9447	8223
8565	8224
6382	8225
948	8226
5166	8227
9371	8228
1413	8229
4337	8230
6351	8231
5723	8232
2162	8233
3160	8234
8108	8235
4841	8236
916	8237
7424	8238
2883	8239
4171	8240
720	8241
9709	8242
2753	8243
4734	8244
8263	8245
5173	8246
6921	8247
7640	8248
2516	8249
7373	8250
6717	8251
1523	8252
9515	8253
3552	8254
9651	8255
3872	8256
1296	8257
6922	8258
2644	8259
5352	8260
3760	8261
234	8262
626	8263
37	8264
5214	8265
1343	8266
7107	8267
6801	8268
5269	8269
3818	8270
6825	8271
3535	8272
6644	8273
9307	8274
6261	8275
6372	8276
232	8277
2989	8278
8819	8279
936	8280
3919	8281
39	8282
2214	8283
4419	8284
1077	8285
1141	8286
187	8287
9792	8288
7293	8289
6532	8290
5604	8291
9459	8292
7365	8293
4185	8294
3599	8295
5181	8296
512	8297
5486	8298
5538	8299
5686	8300
1254	8301
3836	8302
8091	8303
5857	8304
5201	8305
2383	8306
2627	8307
582	8308
491	8309
8408	8310
8049	8311
3146	8312
2653	8313
1799	8314
5078	8315
634	8316
5692	8317
2208	8318
4280	8319
7162	8320
407	8321
5902	8322
7516	8323
2405	8324
8410	8325
3170	8326
9480	8327
5353	8328
2172	8329
9731	8330
8206	8331
5720	8332
3422	8333
7859	8334
1263	8335
1822	8336
5802	8337
739	8338
8536	8339
5772	8340
8738	8341
3409	8342
1249	8343
1773	8344
9369	8345
7801	8346
1356	8347
2013	8348
5671	8349
1715	8350
4049	8351
1265	8352
8651	8353
5359	8354
9760	8355
1956	8356
9102	8357
7720	8358
887	8359
8157	8360
1712	8361
3507	8362
9015	8363
206	8364
3388	8365
627	8366
8704	8367
1551	8368
5829	8369
2221	8370
2265	8371
7968	8372
5286	8373
4902	8374
8205	8375
4480	8376
8	8377
4846	8378
2096	8379
9655	8380
5531	8381
5607	8382
5533	8383
3500	8384
47	8385
5343	8386
5324	8387
7600	8388
1420	8389
8916	8390
2880	8391
3314	8392
5378	8393
2537	8394
7877	8395
5377	8396
4168	8397
4303	8398
3716	8399
7214	8400
1170	8401
8702	8402
6818	8403
5428	8404
5460	8405
2194	8406
8948	8407
5105	8408
1456	8409
1991	8410
153	8411
640	8412
2525	8413
4852	8414
1505	8415
113	8416
6594	8417
3113	8418
7348	8419
8443	8420
4450	8421
126	8422
3875	8423
8258	8424
7434	8425
2837	8426
1535	8427
6152	8428
3639	8429
6341	8430
3053	8431
6024	8432
5770	8433
2792	8434
8161	8435
5439	8436
6799	8437
4592	8438
5415	8439
5758	8440
3282	8441
8082	8442
4422	8443
6915	8444
915	8445
963	8446
2222	8447
2715	8448
3321	8449
3240	8450
9109	8451
20	8452
6491	8453
8958	8454
2737	8455
6445	8456
3243	8457
2677	8458
7217	8459
1204	8460
6837	8461
6845	8462
9127	8463
9866	8464
6919	8465
1824	8466
5452	8467
4829	8468
8934	8469
8045	8470
3761	8471
901	8472
3471	8473
1002	8474
9677	8475
296	8476
6709	8477
8974	8478
5861	8479
6386	8480
1124	8481
4070	8482
2593	8483
9304	8484
3856	8485
8006	8486
2367	8487
4621	8488
1001	8489
5463	8490
4394	8491
4560	8492
4037	8493
8027	8494
3583	8495
1221	8496
8737	8497
2033	8498
7163	8499
4791	8500
9045	8501
800	8502
6630	8503
6166	8504
9634	8505
3410	8506
6294	8507
7206	8508
8746	8509
8431	8510
4808	8511
2829	8512
1188	8513
8981	8514
18	8515
4469	8516
969	8517
2601	8518
7087	8519
2390	8520
1235	8521
3025	8522
2177	8523
8986	8524
4860	8525
1033	8526
3575	8527
8403	8528
8397	8529
2826	8530
191	8531
2929	8532
6976	8533
7195	8534
7080	8535
1999	8536
544	8537
9810	8538
3809	8539
4122	8540
947	8541
8911	8542
6300	8543
8531	8544
1977	8545
74	8546
755	8547
565	8548
1470	8549
2272	8550
6275	8551
6325	8552
7253	8553
8798	8554
4427	8555
4060	8556
9084	8557
8543	8558
3171	8559
8997	8560
4152	8561
3263	8562
7908	8563
9338	8564
7871	8565
1408	8566
7543	8567
6621	8568
1542	8569
743	8570
7331	8571
9674	8572
3615	8573
8394	8574
1966	8575
1364	8576
6520	8577
5528	8578
477	8579
2515	8580
4383	8581
8296	8582
3154	8583
907	8584
9519	8585
6175	8586
9907	8587
5638	8588
6510	8589
8364	8590
4180	8591
4142	8592
3493	8593
4863	8594
4464	8595
3570	8596
9040	8597
4284	8598
9136	8599
7289	8600
919	8601
3183	8602
2614	8603
8134	8604
5401	8605
1100	8606
646	8607
1605	8608
5670	8609
3628	8610
2332	8611
5950	8612
1169	8613
882	8614
1196	8615
7000	8616
6953	8617
2566	8618
8612	8619
8933	8620
8101	8621
7576	8622
3033	8623
4915	8624
4403	8625
8667	8626
5147	8627
1372	8628
502	8629
5161	8630
3515	8631
617	8632
7589	8633
94	8634
6971	8635
4322	8636
7465	8637
7615	8638
4221	8639
8278	8640
102	8641
1208	8642
1785	8643
2578	8644
5578	8645
8209	8646
3348	8647
8567	8648
6001	8649
4573	8650
7128	8651
5117	8652
3366	8653
3133	8654
5372	8655
5013	8656
2589	8657
896	8658
2021	8659
1902	8660
8604	8661
9793	8662
2052	8663
968	8664
9834	8665
7927	8666
4095	8667
2650	8668
6255	8669
5852	8670
4453	8671
607	8672
1058	8673
9284	8674
2049	8675
3360	8676
6993	8677
4735	8678
239	8679
6826	8680
2341	8681
8608	8682
6752	8683
7835	8684
9822	8685
5868	8686
8921	8687
246	8688
5954	8689
7662	8690
6106	8691
3427	8692
8838	8693
2011	8694
5241	8695
9071	8696
7911	8697
8647	8698
2479	8699
5948	8700
2922	8701
2840	8702
7368	8703
9328	8704
5425	8705
5983	8706
5583	8707
5148	8708
1163	8709
2613	8710
3659	8711
7504	8712
7631	8713
8660	8714
1617	8715
9919	8716
3227	8717
5564	8718
9557	8719
5851	8720
8079	8721
1909	8722
8993	8723
7944	8724
9253	8725
938	8726
4686	8727
6537	8728
2876	8729
2176	8730
7663	8731
7343	8732
5976	8733
8631	8734
7971	8735
3996	8736
3272	8737
5338	8738
3557	8739
2406	8740
8368	8741
4024	8742
7928	8743
9332	8744
9303	8745
4387	8746
2519	8747
2842	8748
2181	8749
3567	8750
6899	8751
7274	8752
6663	8753
9503	8754
4821	8755
8085	8756
7610	8757
7890	8758
3284	8759
4816	8760
7788	8761
9118	8762
4187	8763
8929	8764
3212	8765
7105	8766
2326	8767
5464	8768
1217	8769
734	8770
4987	8771
7356	8772
9633	8773
8417	8774
7067	8775
9825	8776
1155	8777
7479	8778
4254	8779
8176	8780
6398	8781
8836	8782
5356	8783
5004	8784
1680	8785
7958	8786
9228	8787
7381	8788
4813	8789
3238	8790
2751	8791
3968	8792
8312	8793
9505	8794
155	8795
7184	8796
1460	8797
5595	8798
1698	8799
6426	8800
6727	8801
1144	8802
9654	8803
9715	8804
4481	8805
7143	8806
7746	8807
7865	8808
6199	8809
5043	8810
1532	8811
8404	8812
6847	8813
5067	8814
1911	8815
22	8816
9835	8817
6544	8818
186	8819
1421	8820
443	8821
8985	8822
3468	8823
5931	8824
5204	8825
4782	8826
1751	8827
1318	8828
9531	8829
6394	8830
2404	8831
5513	8832
1688	8833
8182	8834
4724	8835
1452	8836
8384	8837
8698	8838
5468	8839
7775	8840
1571	8841
4699	8842
8822	8843
2482	8844
2747	8845
667	8846
3850	8847
9035	8848
2241	8849
9264	8850
5397	8851
9768	8852
5066	8853
7561	8854
442	8855
9477	8856
6202	8857
8062	8858
4523	8859
4922	8860
6936	8861
3708	8862
3748	8863
2809	8864
873	8865
3036	8866
3799	8867
3465	8868
8173	8869
1311	8870
1193	8871
6207	8872
4661	8873
8898	8874
5811	8875
2339	8876
5085	8877
6502	8878
929	8879
4441	8880
55	8881
6587	8882
58	8883
995	8884
6022	8885
6598	8886
6599	8887
7973	8888
4982	8889
53	8890
6992	8891
4402	8892
4372	8893
8928	8894
6185	8895
5071	8896
7025	8897
8959	8898
5395	8899
3426	8900
1781	8901
1636	8902
1251	8903
1477	8904
9777	8905
2534	8906
9578	8907
699	8908
773	8909
9257	8910
5422	8911
5032	8912
9494	8913
2259	8914
387	8915
9426	8916
9723	8917
9813	8918
6071	8919
526	8920
4309	8921
8040	8922
9706	8923
8023	8924
7040	8925
6894	8926
7963	8927
120	8928
7773	8929
463	8930
5427	8931
635	8932
1634	8933
9439	8934
9131	8935
8063	8936
3486	8937
9308	8938
6770	8939
6778	8940
6126	8941
8496	8942
4839	8943
1298	8944
9751	8945
67	8946
5591	8947
9881	8948
7357	8949
5689	8950
8643	8951
371	8952
5006	8953
2365	8954
7583	8955
4644	8956
9296	8957
8147	8958
1137	8959
8932	8960
1541	8961
5618	8962
8922	8963
1530	8964
8193	8965
982	8966
8743	8967
6841	8968
3786	8969
7695	8970
4380	8971
7350	8972
8809	8973
6468	8974
8797	8975
6911	8976
511	8977
880	8978
4413	8979
2296	8980
9682	8981
3667	8982
7056	8983
351	8984
2284	8985
614	8986
8424	8987
8143	8988
3670	8989
451	8990
9694	8991
8080	8992
4140	8993
957	8994
5361	8995
1359	8996
6	8997
5036	8998
4738	8999
1093	9000
7486	9001
1595	9002
1539	9003
9324	9004
5866	9005
819	9006
9501	9007
5545	9008
9750	9009
6368	9010
6910	9011
5792	9012
3739	9013
257	9014
2977	9015
6636	9016
3230	9017
32	9018
7869	9019
6632	9020
3432	9021
1652	9022
4695	9023
5417	9024
2429	9025
9800	9026
9190	9027
1301	9028
7931	9029
7123	9030
5585	9031
805	9032
712	9033
9080	9034
1250	9035
8952	9036
6063	9037
6678	9038
1726	9039
4398	9040
803	9041
3876	9042
2606	9043
8135	9044
3867	9045
2095	9046
2570	9047
322	9048
4748	9049
8175	9050
6738	9051
1584	9052
26	9053
7638	9054
6906	9055
992	9056
6622	9057
1567	9058
6134	9059
1469	9060
4062	9061
8352	9062
7948	9063
21	9064
6809	9065
3889	9066
2059	9067
98	9068
5715	9069
5790	9070
1268	9071
5751	9072
6118	9073
1209	9074
4205	9075
6579	9076
8825	9077
7097	9078
7940	9079
7564	9080
156	9081
441	9082
1696	9083
7415	9084
4216	9085
2582	9086
2893	9087
4680	9088
2741	9089
9074	9090
750	9091
7410	9092
5955	9093
4681	9094
5631	9095
494	9096
5634	9097
456	9098
814	9099
7698	9100
3479	9101
7984	9102
3769	9103
2942	9104
6548	9105
8620	9106
5727	9107
5388	9108
1642	9109
4999	9110
2869	9111
556	9112
3816	9113
8401	9114
7190	9115
6561	9116
154	9117
8422	9118
8594	9119
5587	9120
3349	9121
5571	9122
7639	9123
6750	9124
8366	9125
6916	9126
3158	9127
4051	9128
66	9129
8824	9130
1699	9131
7174	9132
2966	9133
250	9134
7670	9135
7252	9136
9054	9137
8093	9138
2688	9139
2493	9140
8196	9141
6690	9142
285	9143
8815	9144
6235	9145
2913	9146
279	9147
749	9148
9011	9149
748	9150
7807	9151
9592	9152
4399	9153
4697	9154
2866	9155
8359	9156
5040	9157
4114	9158
1430	9159
2416	9160
9014	9161
4521	9162
1853	9163
7885	9164
5064	9165
3608	9166
4447	9167
5335	9168
2526	9169
9182	9170
3798	9171
1895	9172
4627	9173
2961	9174
9643	9175
6034	9176
8318	9177
1782	9178
1376	9179
8681	9180
9281	9181
3505	9182
4515	9183
2335	9184
9727	9185
1756	9186
8950	9187
1291	9188
1845	9189
3214	9190
9611	9191
2947	9192
5249	9193
2146	9194
2024	9195
2403	9196
8044	9197
4624	9198
4226	9199
710	9200
5752	9201
6761	9202
3613	9203
7718	9204
4844	9205
973	9206
1348	9207
6839	9208
8802	9209
5138	9210
6388	9211
9008	9212
2719	9213
4840	9214
5404	9215
9854	9216
1012	9217
8768	9218
9238	9219
7034	9220
2749	9221
8490	9222
3354	9223
8615	9224
1210	9225
8297	9226
5391	9227
299	9228
7463	9229
1953	9230
9506	9231
857	9232
8800	9233
7875	9234
944	9235
2830	9236
8277	9237
5697	9238
5757	9239
6724	9240
3958	9241
3129	9242
5554	9243
3974	9244
9064	9245
1593	9246
7651	9247
3831	9248
2402	9249
1798	9250
1231	9251
3650	9252
205	9253
9394	9254
5315	9255
6758	9256
2732	9257
7728	9258
6081	9259
6276	9260
6835	9261
6884	9262
5403	9263
1685	9264
1471	9265
1796	9266
1823	9267
6278	9268
1553	9269
4240	9270
3200	9271
7160	9272
2282	9273
6390	9274
3332	9275
9681	9276
8810	9277
8497	9278
5316	9279
2051	9280
3279	9281
3126	9282
3675	9283
6049	9284
9885	9285
2778	9286
7257	9287
9366	9288
1092	9289
5612	9290
6095	9291
4587	9292
1479	9293
6680	9294
1227	9295
3268	9296
118	9297
1649	9298
8793	9299
2475	9300
884	9301
3021	9302
8407	9303
3317	9304
8603	9305
4892	9306
2077	9307
4181	9308
5420	9309
9534	9310
3666	9311
6384	9312
4540	9313
6143	9314
5017	9315
2297	9316
5023	9317
8956	9318
8843	9319
561	9320
8476	9321
7051	9322
2573	9323
8414	9324
181	9325
2895	9326
1044	9327
4752	9328
7385	9329
7403	9330
8826	9331
9540	9332
8752	9333
3015	9334
7633	9335
6710	9336
4940	9337
6448	9338
946	9339
7550	9340
9247	9341
7815	9342
2607	9343
4034	9344
9044	9345
2223	9346
5114	9347
6861	9348
4116	9349
1274	9350
435	9351
9203	9352
2249	9353
2720	9354
5163	9355
9343	9356
6359	9357
8451	9358
3485	9359
7945	9360
3157	9361
3137	9362
9196	9363
262	9364
3549	9365
2846	9366
8965	9367
6651	9368
3379	9369
6603	9370
5945	9371
9491	9372
3081	9373
7969	9374
9484	9375
6553	9376
9322	9377
9382	9378
4457	9379
5175	9380
6444	9381
2643	9382
346	9383
5129	9384
5628	9385
3870	9386
7020	9387
4505	9388
1600	9389
7682	9390
4346	9391
3733	9392
5355	9393
4811	9394
4514	9395
5690	9396
8718	9397
7584	9398
9283	9399
3331	9400
2258	9401
3362	9402
1414	9403
3110	9404
2173	9405
6285	9406
9409	9407
2324	9408
2891	9409
3759	9410
4883	9411
6070	9412
6322	9413
6592	9414
9286	9415
8818	9416
4125	9417
7757	9418
3607	9419
8964	9420
2707	9421
9865	9422
5625	9423
3975	9424
1890	9425
5821	9426
3172	9427
9779	9428
2906	9429
2217	9430
8891	9431
3275	9432
1234	9433
6291	9434
5187	9435
2161	9436
818	9437
5773	9438
4239	9439
879	9440
8901	9441
8899	9442
5898	9443
8705	9444
1071	9445
7270	9446
1994	9447
8530	9448
8960	9449
1212	9450
9912	9451
5590	9452
9188	9453
1224	9454
2819	9455
35	9456
7175	9457
9775	9458
6244	9459
1564	9460
7205	9461
1441	9462
2964	9463
745	9464
179	9465
9487	9466
6407	9467
630	9468
955	9469
2547	9470
4635	9471
5535	9472
1365	9473
3969	9474
6590	9475
6748	9476
7254	9477
8764	9478
4928	9479
6669	9480
9628	9481
1084	9482
9718	9483
4925	9484
3804	9485
8222	9486
6896	9487
3943	9488
6691	9489
8032	9490
5021	9491
8026	9492
4684	9493
2810	9494
3197	9495
4018	9496
1018	9497
485	9498
1349	9499
5603	9500
3927	9501
8844	9502
259	9503
1750	9504
66	9505
4153	9506
6271	9507
1884	9508
3226	9509
645	9510
2278	9511
993	9512
330	9513
608	9514
1052	9515
311	9516
2690	9517
6791	9518
445	9519
3351	9520
5633	9521
8472	9522
9765	9523
3683	9524
9305	9525
2178	9526
3742	9527
4662	9528
9604	9529
3185	9530
1176	9531
4391	9532
4890	9533
3370	9534
3545	9535
8829	9536
1970	9537
7581	9538
7443	9539
2951	9540
3246	9541
2764	9542
8690	9543
5740	9544
1358	9545
235	9546
4294	9547
4132	9548
6035	9549
3506	9550
7659	9551
1131	9552
6459	9553
3833	9554
8191	9555
6272	9556
695	9557
9880	9558
6197	9559
9355	9560
5009	9561
6929	9562
9364	9563
9711	9564
4616	9565
5990	9566
2878	9567
4989	9568
4671	9569
9389	9570
1135	9571
7395	9572
3559	9573
8914	9574
3623	9575
9553	9576
8947	9577
2129	9578
7546	9579
3145	9580
7593	9581
112	9582
3631	9583
2953	9584
8624	9585
9696	9586
5987	9587
2957	9588
3861	9589
7059	9590
7507	9591
5230	9592
2637	9593
4664	9594
1609	9595
6156	9596
9233	9597
7809	9598
7812	9599
6434	9600
8538	9601
6736	9602
2524	9603
7414	9604
7555	9605
6099	9606
8968	9607
6225	9608
4682	9609
594	9610
4502	9611
3386	9612
4656	9613
5231	9614
605	9615
8722	9616
1398	9617
6588	9618
7797	9619
2713	9620
5800	9621
5539	9622
2909	9623
5738	9624
3478	9625
5703	9626
7453	9627
4663	9628
8555	9629
6163	9630
5926	9631
3475	9632
7825	9633
1089	9634
7671	9635
2673	9636
1912	9637
7191	9638
1007	9639
2495	9640
9098	9641
4647	9642
3700	9643
4263	9644
7856	9645
2436	9646
2421	9647
5831	9648
7011	9649
5477	9650
2103	9651
8248	9652
8854	9653
4320	9654
9030	9655
5031	9656
4577	9657
8871	9658
8053	9659
3572	9660
3008	9661
3835	9662
3259	9663
7687	9664
3082	9665
2800	9666
3276	9667
1858	9668
5336	9669
3723	9670
4179	9671
2295	9672
3614	9673
9052	9674
348	9675
8303	9676
3074	9677
8268	9678
9840	9679
448	9680
8944	9681
4269	9682
7121	9683
3616	9684
8449	9685
2183	9686
3566	9687
4442	9688
4319	9689
7811	9690
7941	9691
7487	9692
8072	9693
3207	9694
5198	9695
3595	9696
1983	9697
1575	9698
301	9699
2145	9700
3600	9701
5307	9702
1180	9703
4313	9704
8160	9705
1178	9706
999	9707
412	9708
7297	9709
606	9710
8995	9711
6075	9712
8845	9713
3744	9714
9357	9715
1448	9716
9774	9717
6367	9718
3105	9719
3763	9720
5319	9721
6613	9722
1346	9723
7937	9724
4462	9725
7649	9726
4648	9727
9804	9728
9464	9729
8695	9730
144	9731
3209	9732
2138	9733
2662	9734
9923	9735
3343	9736
4574	9737
3373	9738
6119	9739
3770	9740
6116	9741
2460	9742
2932	9743
774	9744
9301	9745
4771	9746
361	9747
9761	9748
4753	9749
6313	9750
2322	9751
2634	9752
6360	9753
7476	9754
9797	9755
642	9756
7194	9757
3419	9758
7673	9759
9300	9760
5519	9761
243	9762
7839	9763
196	9764
8084	9765
9636	9766
6040	9767
9798	9768
6110	9769
4767	9770
51	9771
3290	9772
1244	9773
6263	9774
6096	9775
3910	9776
9153	9777
1868	9778
4706	9779
1526	9780
1030	9781
5810	9782
2327	9783
7349	9784
7868	9785
5262	9786
6377	9787
648	9788
4482	9789
329	9790
6195	9791
3452	9792
9786	9793
5514	9794
5245	9795
6639	9796
9838	9797
2244	9798
7803	9799
9623	9800
7574	9801
4625	9802
4716	9803
3964	9804
8290	9805
3564	9806
5092	9807
2489	9808
6733	9809
4311	9810
5644	9811
4797	9812
2458	9813
9433	9814
3863	9815
6538	9816
7836	9817
4189	9818
3211	9819
1122	9820
4570	9821
8545	9822
1094	9823
842	9824
5062	9825
7032	9826
7334	9827
4850	9828
3932	9829
374	9830
4946	9831
3779	9832
3436	9833
6705	9834
2808	9835
8375	9836
2074	9837
7899	9838
9552	9839
1952	9840
8684	9841
1855	9842
8208	9843
6744	9844
4414	9845
4486	9846
9191	9847
3803	9848
7852	9849
9679	9850
7569	9851
6149	9852
7956	9853
341	9854
3062	9855
213	9856
172	9857
8261	9858
6821	9859
42	9860
3752	9861
5730	9862
2949	9863
9244	9864
3912	9865
8519	9866
9879	9867
4460	9868
9358	9869
3792	9870
3006	9871
3715	9872
623	9873
7987	9874
5196	9875
8391	9876
2382	9877
7964	9878
7925	9879
1920	9880
892	9881
4588	9882
2693	9883
8005	9884
162	9885
4455	9886
5208	9887
4855	9888
483	9889
4106	9890
5668	9891
8054	9892
3122	9893
6908	9894
8243	9895
2422	9896
1405	9897
9467	9898
5410	9899
1735	9900
5887	9901
5996	9902
1621	9903
8112	9904
2260	9905
384	9906
2855	9907
8174	9908
4478	9909
6610	9910
8775	9911
7622	9912
9518	9913
4703	9914
4479	9915
6336	9916
2097	9917
603	9918
9412	9919
620	9920
3168	9921
9657	9922
6846	9923
138	9924
9615	9925
9312	9926
3121	9927
1816	9928
7816	9929
500	9930
70	9931
1863	9932
9702	9933
4081	9934
7037	9935
5414	9936
9580	9937
42	9938
5614	9939
8204	9940
4998	9941
5429	9942
751	9943
7697	9944
4641	9945
4083	9946
4773	9947
1287	9948
2226	9949
2892	9950
4448	9951
1050	9952
8755	9953
6551	9954
3063	9955
7921	9956
5	9957
647	9958
7840	9959
8418	9960
9686	9961
5993	9962
2965	9963
2560	9964
7901	9965
8774	9966
1040	9967
2553	9968
2386	9969
5260	9970
7624	9971
4336	9972
8479	9973
7597	9974
9	9975
7712	9976
1109	9977
492	9978
1340	9979
255	9980
9280	9981
6383	9982
3184	9983
8425	9984
3374	9985
1718	9986
8893	9987
7802	9988
9181	9989
5141	9990
2245	9991
480	9992
592	9993
1024	9994
727	9995
6030	9996
3311	9997
7353	9998
5871	9999
709	10000
